/*--------------------------------*- C++ -*----------------------------------*\
| =========                 |                                                 |
| \\      /  F ield         | OpenFOAM: The Open Source CFD Toolbox           |
|  \\    /   O peration     | Version:  v2012                                 |
|   \\  /    A nd           | Website:  www.openfoam.com                      |
|    \\/     M anipulation  |                                                 |
\*---------------------------------------------------------------------------*/
FoamFile
{
    version     2.0;
    format      ascii;
    class       faceSet;
    location    "constant/polyMesh/sets";
    object      bottompatch;
}
// * * * * * * * * * * * * * * * * * * * * * * * * * * * * * * * * * * * * * //


9040
(
2139349
2139350
2139351
2139353
2139354
2139355
2139356
2139357
2139359
2139360
2139361
2139362
2139364
2139366
2139367
2139368
2139369
2139370
2139371
2139372
2139374
2139375
2139376
2139377
2139380
2139381
2139382
2139383
2139384
2139385
2139386
2139387
2139388
2139389
2139390
2139391
2139392
2139394
2139395
2139396
2139397
2139399
2139401
2139402
2139403
2139404
2139405
2139406
2139408
2139409
2139410
2139411
2139414
2139415
2139416
2139417
2139426
2139427
2139428
2139429
2139435
2139436
2139437
2139439
2139440
2139441
2139442
2139444
2139445
2139446
2139447
2139449
2139450
2139455
2139456
2139457
2139458
2139459
2139460
2139462
2139463
2139464
2139465
2139468
2139469
2139471
2139472
2139473
2139474
2139476
2139477
2139478
2139479
2139480
2139481
2139482
2139484
2139485
2139486
2139488
2139490
2139491
2139492
2139493
2139494
2139495
2139496
2139497
2139498
2139499
2139500
2139501
2139502
2139513
2139514
2139515
2139517
2139518
2139519
2139520
2139522
2139523
2139524
2139525
2139526
2139527
2139528
2139529
2139530
2139532
2139533
2139534
2139535
2139537
2139538
2139539
2139540
2139541
2139542
2139543
2139544
2139545
2139547
2139548
2139549
2139550
2139552
2139553
2139554
2139555
2139556
2139557
2139567
2139568
2139569
2139570
2139571
2139572
2139573
2139574
2139575
2139576
2139577
2139578
2139579
2139580
2139581
2139582
2139584
2139585
2139586
2139588
2139589
2139590
2139591
2139592
2139593
2139594
2139595
2139596
2139597
2139598
2139599
2139600
2139602
2139603
2139604
2139605
2139608
2139609
2139611
2139612
2139613
2139614
2139616
2139617
2139618
2139619
2139625
2139626
2139627
2139628
2139629
2139630
2139631
2139632
2139634
2139635
2139636
2139637
2139639
2139640
2139641
2139642
2139644
2139645
2139646
2139647
2139649
2139650
2139651
2139653
2139654
2139655
2140004
2140005
2140006
2140007
2140008
2140009
2140010
2140011
2140012
2140013
2140014
2140016
2140017
2140018
2140019
2140020
2140022
2140023
2140024
2140025
2140026
2140027
2140028
2140029
2140030
2140031
2140032
2140033
2140034
2140035
2140036
2140037
2140038
2140039
2140040
2140041
2140042
2140043
2140044
2140045
2140046
2140047
2140048
2140049
2140051
2140052
2140053
2140054
2140055
2140057
2140058
2140059
2140060
2140061
2140062
2140063
2140064
2140065
2140066
2140067
2140068
2140070
2140071
2140073
2140074
2140075
2140076
2140077
2140079
2140080
2140081
2140082
2140084
2140085
2140087
2140088
2140089
2140090
2140091
2140093
2140094
2140136
2140137
2140139
2140140
2140142
2140143
2140144
2140145
2140146
2140148
2140149
2140162
2140163
2140164
2140165
2140166
2140167
2140176
2140178
2140179
2140180
2140181
2140182
2140184
2140185
2140186
2140187
2140188
2140189
2140190
2140191
2140192
2140193
2140194
2140195
2140203
2140204
2140206
2140207
2140209
2140210
2140211
2140212
2140213
2140215
2140216
2140231
2140232
2140233
2140234
2140235
2140236
2140238
2140239
2140241
2140242
2140243
2140244
2140245
2140247
2140248
2140261
2140262
2140263
2140264
2140265
2140266
2140268
2140269
2140271
2140272
2140273
2140274
2140275
2140277
2140278
2140291
2140292
2140293
2140294
2140295
2140304
2140305
2140306
2140307
2140315
2140317
2140318
2140319
2140320
2140321
2140323
2140324
2140325
2140326
2140327
2140328
2140329
2140330
2140331
2140332
2140333
2140334
2140335
2140336
2140338
2140339
2140340
2140341
2140342
2140344
2140345
2140346
2140347
2140348
2140349
2140350
2140351
2140352
2140353
2140354
2140355
2140356
2140358
2140359
2140360
2140361
2140362
2140364
2140365
2140366
2140367
2140368
2140369
2140370
2140371
2140372
2140373
2140374
2140375
2140376
2140385
2140386
2140387
2140388
2140389
2140390
2140399
2140400
2140402
2140403
2140405
2140406
2140407
2140408
2140409
2140411
2140412
2140425
2140426
2140427
2140428
2140429
2140430
2140431
2140432
2140444
2140445
2140446
2140447
2140448
2140449
2140450
2140451
2140452
2140453
2140455
2140456
2140458
2140459
2140460
2140461
2140462
2140464
2140465
2140478
2140479
2140480
2140481
2140482
2140483
2140484
2140492
2140493
2140494
2140495
2140496
2140497
2140498
2140499
2140500
2140501
2140502
2140504
2140505
2140506
2140507
2140508
2140510
2140511
2140512
2140514
2140515
2140516
2140517
2140518
2140520
2140521
2140522
2140523
2140524
2140525
2140526
2140527
2140528
2140529
2140530
2140531
2140532
2140533
2140534
2140535
2140536
2140537
2140538
2141033
2141034
2141035
2141036
2141037
2141038
2141039
2141040
2141041
2141042
2141043
2141044
2141058
2141059
2141060
2141061
2141066
2141067
2141068
2141069
2141070
2141071
2141072
2141073
2141084
2141085
2141086
2141087
2141096
2141097
2141098
2141099
2141108
2141109
2141110
2141111
2141112
2141113
2141114
2141115
2141116
2141117
2141118
2141119
2141144
2141145
2141146
2141147
2141235
2141237
2141239
2141240
2141242
2141243
2141244
2141245
2141247
2141248
2141250
2141252
2141253
2141255
2141256
2141257
2141259
2141261
2141262
2141263
2141265
2141266
2141267
2141269
2141270
2141272
2141273
2141275
2141277
2141278
2141279
2141281
2141282
2141283
2141284
2141285
2141287
2141288
2141289
2141291
2141293
2141294
2141295
2141297
2141299
2141300
2141302
2141304
2141305
2141306
2141308
2141309
2141310
2141312
2141313
2141314
2141315
2141317
2141319
2141320
2141321
2141323
2141325
2141326
2141328
2141330
2141331
2141332
2141432
2141433
2141434
2141435
2141436
2141437
2141438
2141439
2141440
2141441
2141442
2141443
2141444
2141445
2141446
2141449
2141450
2141451
2141452
2141455
2141456
2141457
2141458
2141459
2141460
2141461
2141462
2141463
2141464
2141465
2141466
2141467
2141468
2141469
2141470
2141471
2141472
2141473
2141474
2141475
2141476
2141477
2141478
2141479
2141480
2141481
2141482
2141485
2141486
2141487
2141488
2141491
2141492
2141493
2141494
2141495
2141496
2141497
2141498
2141499
2141500
2141501
2141502
2141503
2141526
2141528
2141529
2141530
2141531
2141532
2141533
2141534
2141535
2141542
2141543
2141544
2141545
2141546
2141547
2141548
2141549
2141550
2141551
2141555
2141557
2141558
2141559
2141560
2141561
2141562
2141563
2141564
2141568
2141569
2141570
2141571
2141572
2141575
2141576
2141577
2141578
2141581
2141582
2141583
2141584
2141585
2141586
2141587
2141588
2141589
2141592
2141593
2141594
2141595
2141598
2141599
2141600
2141601
2141612
2141613
2141614
2141615
2141616
2141619
2141620
2141621
2141622
2141625
2141626
2141627
2141628
2141639
2141640
2141641
2141642
2141643
2141644
2141645
2141646
2141647
2141651
2141652
2141653
2141654
2141655
2141656
2141657
2141658
2141659
2141666
2141667
2141668
2141669
2141670
2141671
2141672
2141673
2141674
2141675
2141679
2141680
2141681
2141682
2141683
2141684
2141685
2141686
2141687
2141688
2141692
2141693
2141694
2141695
2141696
2141697
2141698
2141699
2141700
2141701
2141705
2141706
2141707
2141708
2141709
2141710
2141711
2141712
2141713
2141720
2141721
2141722
2141723
2141724
2141727
2141728
2141729
2141730
2141733
2141734
2141735
2141736
2141747
2141748
2141749
2141750
2141751
2141754
2141755
2141756
2141757
2141760
2141761
2141762
2141763
2141764
2141765
2141766
2141767
2141768
2141771
2141772
2141773
2141774
2141777
2141778
2141779
2141780
2141791
2141792
2141793
2141794
2141795
2141796
2141797
2141798
2141799
2141803
2141804
2141805
2141806
2141807
2141808
2141809
2141810
2141811
2141812
2141816
2141817
2141818
2141819
2141820
2141821
2141822
2141823
2141824
2141825
2142196
2142197
2142199
2142200
2142201
2142203
2142204
2142206
2142207
2142208
2142210
2142211
2142212
2142213
2142216
2142218
2142219
2142221
2142222
2142224
2142225
2142226
2142228
2142229
2142230
2142232
2142234
2142235
2142236
2142237
2142239
2142241
2142242
2142243
2142244
2142245
2142246
2142247
2142248
2142249
2142250
2142251
2142252
2142253
2142254
2142255
2142258
2142260
2142263
2142266
2142268
2142269
2142270
2142271
2142272
2142273
2142274
2142275
2142277
2142278
2142279
2142281
2142282
2142284
2142285
2142286
2142288
2142289
2142290
2142291
2142294
2142296
2142297
2142299
2142300
2142302
2142303
2142304
2142306
2142307
2142308
2142310
2142312
2142313
2142314
2142315
2142317
2142318
2142319
2142320
2142321
2142322
2142323
2142324
2142325
2142326
2142327
2142328
2142329
2142330
2142331
2142333
2142337
2142338
2142342
2142343
2142344
2142345
2142346
2142347
2142348
2142349
2142350
2142351
2142352
2142353
2142354
2142356
2142357
2142358
2142360
2142361
2142362
2142364
2142366
2142367
2142368
2142369
2142371
2142373
2142374
2142375
2142377
2142378
2142379
2142380
2142383
2142385
2142386
2142388
2142389
2142390
2142391
2142393
2142394
2142395
2142397
2142398
2142399
2142400
2142401
2142402
2142403
2142404
2142405
2142406
2142407
2142408
2142409
2142410
2142411
2142412
2142413
2142416
2142420
2142421
2142424
2142425
2142426
2142427
2142428
2142429
2142430
2142431
2142432
2142433
2142435
2142437
2142440
2142441
2142444
2142446
2142447
2142448
2142449
2142450
2142451
2142452
2142453
2142454
2142455
2142456
2142457
2142459
2142463
2142466
2142470
2142471
2142472
2142473
2142474
2142475
2142476
2142478
2142479
2142480
2142481
2142482
2142483
2142484
2142485
2142486
2142487
2142488
2142489
2142491
2142492
2142493
2142495
2142496
2142497
2142499
2142501
2142502
2142503
2142504
2142506
2142508
2142509
2142511
2142512
2142513
2142514
2142516
2142518
2142519
2142521
2142522
2142524
2142526
2142527
2142528
2142530
2142531
2142532
2142533
2142536
2142538
2142539
2142541
2142542
2142543
2142544
2142546
2142547
2142548
2142550
2142551
2142553
2142554
2142555
2142557
2142558
2142559
2142560
2142563
2142565
2142566
2142568
2142569
2142570
2142571
2142573
2142574
2142575
2142577
2142578
2142580
2142581
2142582
2142584
2142585
2142586
2142587
2142590
2142592
2142593
2142595
2142596
2142598
2142599
2142600
2142601
2142602
2142604
2142605
2142607
2142608
2142609
2142611
2142612
2142613
2142615
2142617
2142618
2142620
2142621
2142623
2142624
2142625
2142626
2142627
2142628
2142629
2142631
2142632
2142633
2142634
2142635
2142636
2142638
2142639
2142640
2142641
2142642
2142643
2142644
2142645
2142646
2142647
2142648
2142649
2142650
2142651
2142653
2142656
2142657
2142660
2142663
2142665
2142666
2142667
2142668
2142669
2142670
2142672
2142673
2142674
2142675
2142676
2142677
2142678
2142679
2142680
2142681
2142682
2142683
2142684
2142685
2142687
2142691
2142692
2142696
2142697
2142698
2142699
2142700
2142701
2142702
2142704
2142706
2142708
2142711
2142712
2142715
2142716
2142717
2142718
2142719
2142720
2142721
2142723
2142724
2142726
2142727
2142728
2142729
2142731
2142733
2142734
2142735
2142736
2142738
2142739
2142740
2142742
2142743
2142744
2142746
2142747
2142749
2142750
2142751
2142753
2142754
2142755
2142756
2142759
2142761
2142762
2142764
2142765
2142767
2142768
2142769
2142771
2142772
2142773
2142774
2142777
2142779
2142780
2142782
2142783
2142785
2142786
2142787
2142788
2142789
2142791
2142792
2142794
2142795
2142796
2142798
2142799
2142800
2142802
2142804
2142805
2142806
2142807
2142809
2143428
2143429
2143431
2143432
2143433
2143434
2143435
2143436
2143438
2143439
2143440
2143441
2143442
2143443
2143444
2143446
2143449
2143450
2143451
2143452
2143453
2143455
2143456
2143457
2143458
2143459
2143461
2143462
2143463
2143464
2143465
2143466
2143468
2143469
2143470
2143472
2143473
2143474
2143475
2143477
2143480
2143481
2143482
2143483
2143484
2143487
2143488
2143489
2143490
2143491
2143492
2143494
2143497
2143498
2143499
2143500
2143501
2143503
2143504
2143505
2143506
2143507
2143509
2143510
2143511
2143512
2143513
2143514
2143516
2143517
2143518
2143519
2143520
2143522
2143525
2143526
2143527
2143528
2143529
2143530
2143533
2143534
2143535
2143536
2143537
2143539
2143542
2143543
2143544
2143545
2143546
2143549
2143550
2143551
2143552
2143553
2143554
2143555
2143557
2143558
2143559
2143560
2143561
2143562
2143564
2143565
2143566
2143568
2143569
2143570
2143572
2143573
2143574
2143575
2143576
2143577
2143579
2143580
2143581
2143582
2143583
2143584
2143586
2143587
2143588
2143589
2143590
2143591
2143593
2143594
2143595
2143597
2143598
2143600
2143603
2143604
2143605
2143606
2143607
2143608
2143610
2143611
2143612
2143613
2143614
2143615
2143617
2143620
2143621
2143622
2143623
2143624
2143627
2143628
2143629
2143630
2143631
2143632
2143634
2143635
2143636
2143637
2143638
2143639
2143641
2143642
2143643
2143644
2143645
2143646
2143648
2143649
2143650
2143651
2143652
2143653
2143655
2143656
2143657
2143659
2143660
2143661
2143663
2143666
2143667
2143668
2143669
2143670
2143673
2143674
2143675
2143676
2143926
2143927
2143928
2143929
2143930
2143931
2143932
2143933
2143934
2143935
2143936
2143937
2143939
2143940
2143941
2143942
2143944
2143945
2143946
2143948
2143949
2143951
2143952
2143954
2143955
2143957
2143959
2143961
2143962
2143964
2143965
2143966
2143968
2143969
2143970
2143971
2143972
2143973
2143974
2143975
2143976
2143977
2143978
2143980
2143981
2143983
2143986
2143987
2143989
2143990
2143992
2143996
2143997
2143998
2143999
2144000
2144001
2144002
2144003
2144004
2144005
2144006
2144007
2144009
2144010
2144011
2144012
2144014
2144015
2144016
2144018
2144019
2144021
2144022
2144024
2144025
2144027
2144029
2144031
2144032
2144034
2144035
2144037
2144039
2144040
2144041
2144042
2144043
2144044
2144045
2144046
2144047
2144050
2144051
2144052
2144053
2144055
2144057
2144058
2144059
2144060
2144061
2144062
2144063
2144064
2144065
2144066
2144067
2144068
2144069
2144071
2144072
2144073
2144074
2144075
2144076
2144077
2144078
2144080
2144081
2144083
2144086
2144087
2144088
2144089
2144090
2144092
2144096
2144097
2144100
2144101
2144102
2144103
2144105
2144106
2144107
2144108
2144109
2144110
2144111
2144112
2144113
2144114
2144115
2144116
2144117
2144119
2144120
2144121
2144122
2144123
2144124
2144127
2144128
2144129
2144130
2144132
2144133
2144134
2144135
2144136
2144137
2144138
2144139
2144140
2144141
2144142
2144143
2144144
2144145
2144147
2144148
2144149
2144150
2144151
2144152
2144153
2144154
2144155
2144156
2144158
2144159
2144161
2144162
2144164
2144166
2144168
2144169
2144171
2144172
2144174
2144176
2144177
2144178
2144179
2144180
2144181
2144182
2144183
2144184
2144185
2144186
2144187
2144188
2144190
2144191
2144192
2144193
2144195
2144196
2144197
2144199
2144200
2144201
2144202
2144205
2144206
2144207
2144208
2144211
2144212
2144213
2144214
2144215
2144216
2144217
2144218
2144219
2144221
2144222
2144223
2144224
2144226
2144227
2144228
2144229
2144230
2144231
2144232
2144233
2144235
2144236
2144238
2144241
2144242
2144243
2144244
2144245
2144247
2144251
2144252
2144253
2144254
2144256
2144257
2144259
2144262
2144263
2144264
2144265
2144267
2144271
2144272
2144273
2144274
2144276
2144277
2144279
2144282
2144283
2144284
2144286
2144287
2144289
2144293
2144294
2144297
2144298
2144299
2144300
2144302
2144303
2144304
2144305
2144306
2144307
2144308
2144309
2144310
2144311
2144312
2144313
2144314
2144316
2144317
2144318
2144319
2144320
2144321
2144324
2144325
2144326
2144327
2144329
2144331
2144332
2144333
2144334
2144335
2144336
2144337
2144338
2144339
2144340
2144341
2144342
2144343
2144345
2144346
2144347
2144348
2144349
2144350
2144351
2144352
2144353
2144354
2144355
2144356
2144357
2144358
2144359
2144360
2144362
2144363
2144365
2144366
2144368
2144370
2144372
2144373
2144375
2144376
2144377
2144379
2144380
2144381
2144382
2144383
2144384
2144385
2144386
2144387
2144388
2144389
2144390
2144391
2144393
2144394
2144395
2144396
2144398
2144399
2144400
2144402
2144403
2144405
2144406
2144408
2144409
2144411
2144413
2144415
2144416
2144418
2144419
2144420
2144422
2144423
2144424
2144425
2144426
2144427
2144428
2144429
2144430
2144431
2144432
2144433
2144434
2144436
2144437
2144438
2144439
2144441
2144442
2144443
2144445
2144446
2144448
2144449
2144451
2144452
2144454
2144456
2144458
2144459
2144461
2144462
2144463
2144465
2144466
2144467
2144468
2144469
2144470
2144471
2144472
2144473
2144474
2144475
2144476
2144477
2144479
2144480
2144481
2144482
2144484
2144485
2144486
2144488
2144489
2144490
2144491
2144492
2144493
2144494
2144495
2144496
2144497
2144500
2144501
2144502
2144503
2144505
2144506
2144507
2144508
2144509
2144510
2144511
2144512
2144513
2144514
2144515
2144516
2144517
2144519
2144520
2144521
2144522
2144523
2144524
2144525
2144526
2144528
2144529
2144531
2144534
2144535
2144536
2144537
2144539
2144543
2144544
2144545
2144546
2144548
2144549
2144551
2144554
2144555
2144556
2144557
2144558
2144560
2144564
2144565
2144566
2144567
2144569
2144570
2144572
2144575
2144576
2144577
2144578
2144580
2144584
2144585
2144588
2144589
2144590
2144591
2144594
2144595
2144596
2144597
2144598
2144599
2144600
2144601
2144602
2144604
2144605
2144606
2144607
2144609
2144610
2144611
2144612
2144613
2144614
2144615
2144616
2144617
2144618
2144619
2144620
2144621
2144622
2144623
2144624
2144625
2144626
2144627
2144628
2144629
2144630
2144632
2144633
2144634
2144635
2144637
2144638
2144639
2144641
2144642
2144644
2144645
2144647
2144648
2144650
2144652
2144654
2144655
2144657
2144658
2144659
2144661
2144663
2144664
2144666
2144667
2144669
2144671
2144673
2144674
2144676
2144677
2144678
2144680
2144681
2144682
2144683
2144684
2144685
2144686
2144687
2144688
2144689
2144690
2144691
2144692
2144694
2144695
2144696
2144697
2144699
2144700
2144701
2144703
2144704
2144705
2144706
2144707
2144708
2144709
2144710
2145500
2145501
2145508
2145515
2145516
2145517
2145522
2145523
2145551
2145552
2145553
2145554
2145555
2145556
2145557
2145558
2145559
2145560
2145561
2145562
2145563
2145564
2145565
2145566
2145567
2145568
2145569
2145570
2145571
2145572
2145573
2145574
2145575
2145576
2145577
2145578
2145579
2145580
2145581
2145582
2145583
2145584
2145585
2145586
2145587
2145588
2145589
2145590
2145591
2145592
2145593
2145594
2145595
2145596
2145597
2145598
2145599
2145600
2145601
2145602
2145603
2145604
2145605
2145606
2145607
2145608
2145609
2145610
2145611
2145612
2145613
2145614
2145615
2145616
2145617
2145618
2145619
2145620
2145621
2145622
2145623
2145624
2145625
2145626
2145627
2145628
2145629
2145630
2145711
2145713
2145714
2145717
2145718
2145720
2145721
2145723
2145725
2145726
2145728
2145729
2145730
2145731
2145732
2145734
2145735
2145739
2145740
2145742
2145743
2145745
2145747
2145748
2145750
2145751
2145753
2145754
2145755
2145756
2145758
2145759
2145761
2145763
2145764
2145767
2145769
2145770
2145771
2145773
2145774
2145777
2145778
2145779
2145780
2145781
2145782
2145783
2145785
2145786
2145788
2145789
2145791
2145793
2145794
2145796
2145798
2145799
2145801
2145803
2145804
2145806
2145808
2145809
2145812
2145813
2145814
2145816
2145817
2145820
2145821
2145823
2145824
2145827
2145828
2145829
2145831
2145832
2145833
2145835
2145836
2145838
2145840
2145841
2145843
2145844
2145845
2145846
2145847
2145849
2145850
2145852
2145854
2145855
2145857
2145859
2145860
2145863
2145864
2145866
2145867
2145871
2145872
2145873
2145874
2145875
2145876
2145877
2145879
2145880
2145882
2145884
2145885
2146065
2146066
2146068
2146069
2146070
2146071
2146072
2146073
2146075
2146076
2146077
2146078
2146079
2146082
2146083
2146084
2146085
2146088
2146089
2146091
2146092
2146093
2146094
2146098
2146099
2146100
2146101
2146103
2146104
2146105
2146106
2146107
2146110
2146111
2146112
2146113
2146116
2146117
2146118
2146119
2146120
2146121
2146124
2146126
2146127
2146128
2146129
2146132
2146133
2146134
2146135
2146136
2146137
2146140
2146141
2146142
2146143
2146144
2146145
2146148
2146149
2146150
2146151
2146152
2146155
2146156
2146157
2146158
2146159
2146162
2146164
2146165
2146166
2146167
2146170
2146171
2146172
2146173
2146174
2146176
2146177
2146178
2146179
2146298
2146299
2146300
2146302
2146303
2146304
2146305
2146308
2146310
2146312
2146314
2146315
2146316
2146317
2146319
2146320
2146322
2146323
2146324
2146325
2146326
2146328
2146329
2146330
2146333
2146334
2146335
2146336
2146337
2146339
2146340
2146341
2146342
2146345
2146347
2146349
2146351
2146352
2146354
2146355
2146356
2146357
2146359
2146360
2146361
2146362
2146363
2146365
2146366
2146367
2146369
2146370
2146371
2146372
2146374
2146375
2146376
2146377
2146380
2146382
2146384
2146386
2146387
2146389
2146390
2146391
2146392
2146394
2146395
2146396
2146397
2146398
2146400
2146401
2146402
2146405
2146406
2146407
2146408
2146410
2146411
2146412
2146413
2146416
2146418
2146420
2146422
2146423
2146425
2146426
2146428
2146429
2146431
2146432
2146433
2146434
2146435
2146437
2146438
2146439
2146441
2146442
2146443
2146444
2146446
2146447
2146449
2146450
2146452
2146454
2146456
2146458
2146459
2146461
2146462
2146464
2146465
2146467
2146468
2146469
2146470
2146471
2146473
2146474
2146475
2146477
2146478
2146479
2146480
2146482
2146483
2146484
2146485
2146488
2146490
2146492
2146494
2146495
2146497
2146498
2146499
2146500
2146502
2146503
2146504
2146505
2146506
2146508
2146509
2146510
2146512
2146513
2146514
2146515
2146517
2146518
2146520
2146521
2146523
2146525
2146527
2146529
2146530
2146532
2146533
2146534
2146535
2146537
2146538
2146539
2146540
2146541
2146543
2146544
2146545
2146548
2146549
2146550
2146551
2146552
2146554
2146555
2146556
2146557
2146560
2146562
2146564
2146566
2146567
2146569
2146570
2146571
2146572
2146574
2146575
2146576
2146577
2146578
2146580
2146581
2146582
2146584
2146869
2146870
2146871
2146873
2146874
2146875
2146876
2146877
2146878
2146880
2146881
2146882
2146883
2146884
2146886
2146888
2146889
2146890
2146891
2146892
2146893
2146896
2146897
2146898
2146899
2146900
2146901
2146902
2146903
2146904
2146905
2146906
2146908
2146911
2146912
2146913
2146914
2146915
2146917
2146918
2146919
2146921
2146922
2146923
2146924
2146925
2146926
2146927
2146929
2146930
2146931
2146932
2146933
2146935
2146937
2146938
2146939
2146940
2146941
2146942
2146943
2146946
2146947
2146948
2146949
2146951
2146952
2146953
2146954
2146955
2146956
2146960
2146961
2146962
2146963
2146964
2146965
2146968
2146969
2146970
2146971
2146972
2146973
2146974
2146975
2146976
2146977
2146978
2146981
2146982
2146983
2146984
2146986
2146987
2146988
2146990
2146991
2146993
2146994
2146995
2146996
2146998
2146999
2147000
2147001
2147002
2147004
2147006
2147007
2147008
2147009
2147010
2147011
2147012
2147015
2147016
2147017
2147018
2147019
2147020
2147021
2147022
2147023
2147024
2147025
2147028
2147029
2147030
2147032
2147033
2147034
2147037
2147038
2147039
2147040
2147041
2147043
2147044
2147045
2147046
2147047
2147048
2147050
2147053
2147054
2147055
2147056
2147057
2147059
2147060
2147061
2147063
2147064
2147065
2147066
2147067
2147068
2147069
2147071
2147072
2147073
2147074
2147075
2147077
2147079
2147080
2147081
2147082
2147083
2147084
2147086
2147087
2147088
2147090
2147091
2147092
2147093
2147094
2147095
2147096
2147098
2147099
2147100
2147101
2147102
2147104
2147106
2147107
2147108
2147109
2147110
2147112
2147113
2147114
2147116
2147117
2147118
2147119
2147120
2147121
2147122
2147124
2147125
2147126
2147127
2147128
2147130
2147132
2147133
2147134
2147135
2147136
2147137
2147138
2147141
2147142
2147143
2147145
2147146
2147147
2147148
2147149
2147150
2147151
2147155
2147156
2147157
2147158
2147159
2147160
2147163
2147164
2147165
2147166
2147167
2147168
2147169
2147170
2147171
2147172
2147173
2147177
2147178
2147179
2147180
2147182
2147183
2147184
2147186
2147187
2147189
2147190
2147191
2147192
2147194
2147195
2147196
2147197
2147198
2147200
2147202
2147203
2147204
2147205
2147206
2147208
2147209
2147210
2147212
2147213
2147214
2147216
2147217
2147218
2147219
2147221
2147222
2147223
2147224
2147225
2147227
2147229
2147230
2147231
2147232
2147233
2147234
2147235
2147238
2147239
2147240
2147241
2147242
2147243
2147244
2147245
2147246
2147247
2147248
2147249
2147252
2147253
2147254
2147255
2147645
2147646
2147649
2147650
2147653
2147654
2147657
2147658
2147677
2147678
2147681
2147682
2147685
2147686
2147689
2147690
2147693
2147694
2147697
2147698
2147701
2147702
2147705
2147706
2147741
2147742
2147743
2147744
2147747
2147748
2147749
2147750
2147753
2147754
2147755
2147756
2147764
2147765
2147766
2147767
2147768
2147769
2147770
2147771
2147774
2147775
2147776
2147777
2147786
2147787
2147788
2147789
2147791
2147792
2147793
2147794
2147849
2147850
2147851
2147852
2147853
2147854
2147855
2147856
2147857
2147858
2147859
2147860
2147861
2147862
2147863
2147864
2147865
2147866
2147867
2147868
2147869
2147870
2147871
2147872
2147873
2147874
2147875
2147876
2147877
2147878
2147879
2147880
2147881
2147882
2147883
2147884
2147885
2147886
2147887
2147888
2147889
2147890
2147891
2147892
2147893
2147894
2147895
2147896
2147897
2147898
2147899
2147900
2147901
2147902
2147903
2147904
2147905
2147906
2147907
2147908
2147909
2147910
2147911
2147912
2147977
2147978
2147979
2147980
2147981
2147982
2147983
2147984
2147985
2147986
2147987
2147988
2147989
2147990
2147991
2147992
2147993
2147994
2147995
2147996
2147997
2147998
2147999
2148000
2148001
2148002
2148003
2148004
2148005
2148006
2148007
2148008
2148009
2148010
2148011
2148012
2148013
2148014
2148015
2148016
2148017
2148018
2148019
2148020
2148021
2148022
2148023
2148024
2148025
2148026
2148027
2148028
2148029
2148030
2148031
2148032
2148033
2148034
2148035
2148036
2148037
2148038
2148039
2148040
2148041
2148042
2148043
2148044
2148045
2148046
2148047
2148048
2148049
2148050
2148051
2148052
2148053
2148054
2148055
2148056
2148057
2148065
2148066
2148067
2148068
2148070
2148071
2148072
2148073
2148074
2148075
2148076
2148077
2148078
2148079
2148080
2148081
2148083
2148084
2148085
2148086
2148087
2148088
2148089
2148090
2148091
2148092
2148093
2148094
2148095
2148096
2148097
2148098
2148100
2148101
2148102
2148103
2148105
2148106
2148107
2148108
2148109
2148110
2148111
2148112
2148113
2148114
2148115
2148116
2148117
2148118
2148119
2148120
2148125
2148126
2148127
2148128
2148129
2148130
2148131
2148132
2148133
2148134
2148135
2148136
2148140
2148141
2148142
2148143
2148145
2148146
2148147
2148148
2148149
2148150
2148151
2148152
2148154
2148155
2148156
2148157
2148158
2148159
2148160
2148161
2148162
2148163
2148164
2148165
2148166
2148167
2148168
2148169
2148170
2148171
2148172
2148173
2148174
2148175
2148176
2148177
2148178
2148179
2148180
2148181
2148182
2148183
2148184
2148185
2148186
2148187
2148188
2148189
2148190
2148191
2148192
2148193
2148194
2148195
2148196
2148197
2148198
2148199
2148200
2148201
2148202
2148203
2148204
2148205
2148206
2148207
2148208
2148209
2148210
2148211
2148212
2148213
2148214
2148215
2148217
2148218
2148219
2148220
2148221
2148222
2148223
2148224
2148225
2148226
2148227
2148228
2148229
2148231
2148232
2148233
2148234
2148236
2148237
2148238
2148239
2148240
2148241
2148242
2148243
2148244
2148245
2148246
2148247
2148248
2148249
2148250
2148251
2148256
2148257
2148258
2148259
2148260
2148261
2148262
2148263
2148264
2148265
2148266
2148267
2148268
2148269
2148270
2148271
2148272
2148273
2148274
2148275
2148276
2148277
2148278
2148279
2148282
2148283
2148284
2148285
2148287
2148288
2148289
2148290
2148291
2148292
2148293
2148294
2148295
2148296
2148297
2148298
2148299
2148300
2148301
2148302
2148303
2148304
2148305
2148306
2148307
2148308
2148309
2148310
2148311
2148312
2148313
2148314
2148315
2148316
2148317
2148318
2148319
2148320
2148321
2148322
2148323
2148324
2148325
2148326
2148327
2148328
2148329
2148330
2148331
2148673
2148674
2148676
2148677
2148678
2148679
2148680
2148681
2148682
2148683
2148684
2148685
2148686
2148687
2148688
2148689
2148690
2148691
2148694
2148695
2148696
2148697
2148698
2148699
2148700
2148701
2148702
2148703
2148704
2148705
2148706
2148707
2148708
2148709
2148710
2148711
2148712
2148713
2148714
2148715
2148717
2148718
2148719
2148720
2148721
2148722
2148723
2148724
2148725
2148726
2148727
2148728
2148729
2148730
2148731
2148732
2148733
2148734
2148735
2148736
2148737
2148740
2148741
2148742
2148743
2148744
2148745
2148746
2148747
2148748
2148749
2148750
2148751
2148753
2148754
2148755
2148756
2148757
2148758
2148759
2148760
2148761
2148762
2148763
2148764
2148765
2148767
2148768
2148769
2148770
2148771
2148772
2148773
2148774
2148775
2148776
2148777
2148778
2148779
2148780
2148781
2148782
2148785
2148786
2148787
2148788
2148789
2148790
2148791
2148792
2148793
2148794
2148795
2148796
2148797
2148798
2148799
2148800
2148801
2148802
2148803
2148804
2148805
2148806
2148807
2148939
2148940
2148941
2148943
2148944
2148945
2148946
2148947
2148948
2148950
2148951
2148952
2148953
2148954
2148955
2148956
2148957
2148958
2148959
2148960
2148961
2148962
2148964
2148967
2148968
2148969
2148970
2148971
2148972
2148973
2148974
2148975
2148976
2148977
2148978
2148979
2148980
2148981
2148982
2148983
2148984
2148986
2148988
2148990
2148991
2148992
2148993
2148994
2148995
2148996
2148997
2148998
2149059
2149060
2149061
2149062
2149063
2149064
2149065
2149066
2149067
2149068
2149069
2149070
2149071
2149072
2149073
2149074
2149075
2149076
2149077
2149078
2149079
2149080
2149081
2149082
2149083
2149084
2149085
2149086
2149087
2149088
2149089
2149090
2149091
2149092
2149093
2149094
2149095
2149096
2149097
2149098
2149099
2149100
2149101
2149102
2149103
2149104
2149105
2149106
2149155
2149156
2149157
2149158
2149159
2149160
2149161
2149162
2149163
2149164
2149165
2149166
2149167
2149168
2149169
2149170
2149171
2149172
2149173
2149174
2149175
2149176
2149177
2149178
2149179
2149180
2149181
2149182
2149183
2149184
2149185
2149186
2149187
2149188
2149189
2149190
2149191
2149192
2149193
2149194
2149195
2149196
2149197
2149198
2149199
2149200
2149201
2149202
2149251
2149252
2149253
2149254
2149255
2149256
2149257
2149258
2149259
2149260
2149261
2149262
2149263
2149264
2149265
2149266
2149267
2149268
2149269
2149270
2149271
2149272
2149273
2149274
2149275
2149276
2149277
2149278
2149279
2149280
2149281
2149282
2149283
2149284
2149285
2149286
2149287
2149288
2149289
2149290
2149291
2149292
2149293
2149294
2149295
2149296
2149297
2149298
2149347
2149348
2149349
2149351
2149352
2149353
2149354
2149355
2149356
2149357
2149358
2149359
2149360
2149361
2149362
2149363
2149364
2149365
2149366
2149367
2149368
2149369
2149370
2149371
2149373
2149374
2149375
2149376
2149377
2149378
2149379
2149380
2149381
2149382
2149383
2149384
2149385
2149386
2149387
2149388
2149389
2149390
2149391
2149392
2149393
2149394
2149395
2149396
2149397
2149398
2149399
2149400
2149401
2149402
2149403
2149404
2149405
2149406
2149407
2149408
2149409
2149410
2149411
2149412
2149413
2149414
2149415
2149416
2149417
2149418
2149419
2149420
2149421
2149422
2149423
2149424
2149425
2149427
2149428
2149429
2149430
2149431
2149432
2149433
2149434
2149435
2149436
2149437
2149438
2149439
2149440
2149441
2149442
2149443
2149444
2149445
2149446
2149447
2149448
2149449
2149450
2149451
2149452
2149453
2149454
2149455
2149456
2149457
2149458
2149459
2149460
2149461
2149462
2149463
2149464
2149465
2149466
2149467
2149468
2149469
2149470
2149471
2149472
2149473
2149474
2149475
2149476
2149477
2149478
2149479
2149620
2149625
2149629
2149634
2149739
2149740
2149741
2149744
2149745
2149746
2149747
2149750
2149751
2149752
2149755
2149756
2149757
2149760
2149761
2149762
2149763
2149766
2149767
2149768
2149771
2149772
2149773
2149776
2149777
2149778
2149779
2149867
2149868
2149869
2149870
2149871
2149872
2149873
2149874
2149875
2149876
2149877
2149878
2149879
2149880
2149881
2149882
2149883
2149884
2149885
2149886
2149887
2149888
2149889
2149890
2185030
2185031
2185032
2185033
2185034
2185035
2185036
2185037
2185038
2185039
2185040
2185041
2185042
2185043
2185044
2185045
2185046
2185047
2185048
2185049
2185050
2185051
2185052
2185053
2185054
2185055
2185056
2185057
2185058
2185059
2185060
2185061
2185062
2185063
2185064
2185065
2185066
2185067
2185068
2185069
2185070
2185071
2185072
2185073
2185074
2185075
2185076
2185077
2185078
2185079
2185080
2185081
2185082
2185083
2185084
2185085
2185086
2185087
2185088
2185089
2185090
2185091
2185092
2185093
2185094
2185095
2185096
2185097
2185098
2185099
2185100
2185101
2185102
2185103
2185104
2185105
2185106
2185107
2185108
2185109
2185110
2185111
2185112
2185113
2185114
2185115
2185116
2185117
2185118
2185119
2185120
2185121
2185122
2185131
2185132
2185133
2185134
2185135
2185136
2185137
2185138
2185139
2185140
2185141
2185142
2185143
2185144
2185145
2185146
2185147
2185148
2185149
2185150
2185151
2185152
2185153
2185154
2185155
2185156
2185157
2185158
2185159
2185160
2185161
2185162
2185163
2185164
2185165
2185166
2185167
2185168
2185169
2185170
2185171
2185172
2185173
2185174
2185175
2185176
2185177
2185178
2185179
2185180
2185181
2185182
2185183
2185184
2185185
2185186
2185187
2185188
2185189
2185190
2185191
2185192
2185193
2185194
2185195
2185196
2185197
2185198
2185199
2185200
2185201
2185202
2185203
2185204
2185205
2185206
2185207
2185208
2185209
2185210
2185211
2185212
2185213
2185214
2185215
2185216
2185217
2185218
2185219
2185220
2185221
2185222
2185223
2185224
2185225
2185226
2185227
2185228
2185229
2185230
2185231
2185232
2185233
2185234
2185235
2185236
2185237
2185238
2185239
2185240
2185241
2185242
2185243
2185244
2185245
2185246
2185247
2185248
2185249
2185250
2185251
2185252
2185253
2185254
2185255
2185256
2185257
2185258
2185259
2185260
2185261
2185262
2185263
2185264
2185265
2185266
2185267
2185268
2185269
2185270
2185271
2185272
2185273
2185274
2185275
2185276
2185279
2185280
2185281
2185282
2185283
2185284
2185285
2185286
2185287
2185288
2185289
2185290
2185291
2185292
2185293
2185294
2185295
2185296
2185297
2185298
2185299
2185300
2185301
2185302
2185303
2185304
2185305
2185306
2185307
2185308
2185309
2185310
2185311
2185312
2185313
2185314
2185315
2185316
2185317
2185318
2185319
2185320
2194797
2194798
2194799
2194800
2194801
2194802
2194803
2194804
2194805
2194806
2194807
2194822
2194823
2194824
2194825
2194826
2194827
2194828
2194829
2194830
2194831
2194844
2194845
2194846
2194847
2194848
2194849
2194850
2194851
2194859
2194860
2194861
2194862
2194863
2194864
2194865
2194902
2194903
2194904
2194912
2194913
2194914
2194915
2194916
2194917
2194918
2194919
2194920
2194921
2194922
2194923
2194924
2194925
2194926
2194927
2194928
2194929
2194930
2194931
2194932
2194933
2194934
2194935
2194936
2194937
2194938
2194939
2194940
2194941
2194942
2194943
2194944
2194945
2194946
2194947
2194948
2194949
2194950
2194951
2194952
2194953
2194954
2194955
2194956
2194957
2194958
2194959
2194960
2194961
2194962
2194963
2194964
2194965
2194966
2194967
2194968
2194969
2194970
2194971
2194972
2194973
2194974
2194975
2194976
2194977
2194978
2194979
2194980
2194981
2194982
2194983
2194984
2195020
2195021
2195022
2195023
2195024
2195025
2195026
2195027
2195028
2195029
2195030
2195031
2195032
2195033
2195034
2195035
2195036
2195037
2195038
2195039
2195040
2195041
2195042
2195043
2195044
2195045
2195046
2195047
2195048
2195049
2195050
2195051
2195052
2195053
2195054
2195055
2195056
2195057
2195058
2195059
2195060
2195061
2195062
2195063
2195064
2195065
2195066
2195067
2195068
2195069
2195070
2195071
2195072
2195073
2195074
2195075
2195076
2195077
2195078
2195079
2195080
2195081
2195082
2195083
2195084
2195085
2195086
2195087
2195088
2195089
2195090
2195091
2195092
2195093
2195094
2195095
2195096
2195097
2195098
2195099
2195100
2195101
2195102
2195103
2195104
2195105
2195106
2195107
2195108
2195109
2195110
2195111
2195112
2195113
2195130
2195131
2195132
2195133
2195134
2195135
2195136
2195137
2195138
2195139
2195140
2195158
2195159
2195160
2195161
2195162
2195163
2195164
2195165
2195166
2195167
2195168
2195169
2195170
2195171
2195172
2195173
2195174
2195175
2195176
2195177
2195178
2195179
2195180
2195181
2195182
2195183
2195184
2195185
2195186
2195187
2195188
2195189
2195190
2195191
2195192
2195193
2195194
2195195
2195196
2195197
2195198
2195199
2195200
2195201
2195202
2195203
2195204
2195205
2195206
2195207
2195208
2195209
2195210
2195211
2195212
2195213
2195214
2195215
2195216
2195217
2195218
2195219
2195220
2195221
2195222
2195223
2195224
2195225
2195226
2195227
2195228
2195229
2195230
2195231
2195232
2195233
2195234
2195235
2195236
2195237
2195238
2195239
2195240
2195241
2195242
2195243
2195244
2195245
2195246
2195247
2195248
2195249
2195250
2195251
2195252
2195253
2195254
2195255
2195256
2195257
2195258
2195259
2195260
2195261
2195292
2195293
2195294
2195295
2195296
2195297
2195298
2195299
2195300
2195301
2195308
2195309
2195310
2195311
2195312
2195313
2195314
2195315
2195316
2195317
2195318
2195319
2195320
2195321
2195322
2195323
2195324
2195325
2195326
2195327
2195328
2195329
2195330
2195331
2195332
2195333
2195334
2195335
2195336
2195337
2195338
2195339
2195340
2195341
2195342
2195343
2195344
2195345
2195346
2195347
2195348
2195349
2195350
2195351
2195352
2195353
2195354
2195355
2195356
2195357
2195358
2195359
2195360
2195361
2195362
2195363
2195364
2195365
2195366
2195367
2195368
2195369
2195370
2195371
2195372
2195373
2195374
2195375
2195376
2195377
2195378
2195379
2195380
2195381
2195382
2195383
2195384
2195385
2195386
2195387
2195388
2195389
2195390
2195391
2195392
2195393
2195394
2195395
2195396
2195397
2195398
2195399
2195400
2195401
2195402
2195403
2195412
2195413
2195414
2195415
2195416
2195417
2195437
2195438
2195439
2195440
2195449
2195450
2195451
2195452
2195458
2195459
2195460
2195461
2195462
2195463
2195464
2195465
2195466
2195467
2195468
2195469
2195470
2195471
2195472
2195473
2195474
2195475
2195476
2195477
2195478
2195479
2195480
2195481
2195482
2195483
2195484
2195485
2195486
2195487
2195488
2195489
2195490
2195491
2195492
2195493
2195494
2195495
2195496
2195497
2195498
2195499
2195500
2195501
2195502
2195503
2195504
2195505
2195506
2195507
2195508
2195509
2195510
2195511
2195512
2195513
2195514
2195515
2195516
2195517
2195518
2195519
2195520
2195521
2195522
2195523
2195524
2195525
2195526
2195527
2195528
2195529
2195530
2195531
2195532
2195533
2195534
2195535
2195536
2195537
2195538
2195539
2195540
2195541
2195542
2195543
2195544
2195545
2195546
2195547
2195548
2195549
2195550
2195551
2195552
2195553
2195554
2195555
2195556
2195557
2195558
2195559
2195573
2195574
2195575
2195576
2195577
2195578
2195579
2195595
2195596
2195597
2195598
2195599
2195600
2195601
2195602
2195603
2195604
2195605
2195606
2195607
2195608
2195609
2195610
2195611
2195612
2195613
2195614
2195615
2195616
2195617
2195618
2195619
2195620
2195621
2195622
2195623
2195624
2195625
2195626
2195627
2195628
2195629
2195630
2195631
2195632
2195633
2195634
2195635
2195636
2195637
2195638
2195639
2195640
2195641
2195642
2195643
2195644
2195645
2195646
2195647
2195648
2195649
2195650
2195651
2195652
2195653
2195654
2195655
2195656
2195657
2195658
2195659
2195660
2195661
2195662
2195663
2195664
2195665
2195666
2195667
2195668
2195669
2195670
2195671
2195672
2195673
2195674
2195675
2195676
2195677
2195678
2195679
2195680
2195681
2195682
2195683
2195684
2195685
2195686
2195687
2195688
2195689
2195690
2195691
2195692
2195693
2195694
2195695
2195696
2195697
2195730
2195731
2195732
2195733
2195734
2195735
2195736
2195737
2195738
2195739
2195740
2195741
2195742
2195743
2195744
2195745
2195746
2195747
2195748
2195749
2195750
2195751
2195752
2195753
2195754
2195755
2195756
2195757
2195758
2195759
2195760
2195761
2195762
2195763
2195764
2195765
2195766
2195767
2195768
2195769
2195770
2195771
2195772
2195773
2195774
2195775
2195776
2195777
2195778
2195779
2195780
2195781
2195782
2195783
2195784
2195785
2195786
2195787
2195788
2195789
2195790
2195791
2195792
2195793
2195794
2195795
2195796
2195797
2195798
2195799
2195800
2195801
2195802
2195803
2195804
2195805
2195806
2195807
2195808
2195809
2195810
2195811
2195812
2195813
2195814
2195815
2195816
2195817
2195818
2195819
2195820
2195821
2195838
2195839
2195840
2195847
2195848
2195849
2195850
2195851
2195852
2195853
2195854
2195855
2195856
2195857
2195858
2195859
2195860
2195861
2195862
2195863
2195864
2195865
2195866
2195867
2195868
2195869
2195870
2195871
2195872
2195873
2195874
2195875
2195876
2195877
2195878
2195879
2195880
2195881
2195882
2195883
2195884
2195885
2195886
2195887
2195888
2195889
2195890
2195891
2195892
2195893
2195894
2195895
2195896
2195897
2195898
2195899
2195900
2195901
2195902
2195903
2195904
2195905
2195906
2195907
2195908
2195909
2195910
2195911
2195912
2195913
2195914
2195938
2195939
2195940
2195941
2195942
2195943
2195944
2195945
2195963
2195964
2195965
2195966
2195975
2195976
2195982
2195983
2195984
2195985
2195986
2195987
2196000
2196001
2196002
2196003
2196004
2196005
2196006
2245682
2245688
2245689
2245701
2245706
2245707
2245713
2245719
2245720
2245721
2245726
2245733
2245734
2245735
2245743
2245744
2245750
2245755
2245756
2245757
2245758
2245764
2245770
2245771
2245778
2245787
2245788
2245789
2245800
2245805
2245806
2245807
2245808
2245809
2245810
2245816
2246124
2246125
2246126
2246127
2246128
2246129
2246130
2246131
2246132
2246133
2246140
2246141
2246142
2246143
2246144
2246145
2246146
2246147
2246148
2246149
2246151
2246152
2246157
2246160
2246161
2246171
2246172
2246173
2246174
2246175
2246176
2246177
2246178
2246179
2246181
2246182
2246183
2246184
2246185
2246186
2246187
2246189
2246190
2246191
2246192
2246193
2246194
2246195
2246197
2246198
2246201
2246204
2246205
2246206
2246209
2246210
2246211
2246212
2246221
2246231
2246234
2246235
2246239
2246240
2246245
2246246
2246247
2246248
2246249
2246250
2246251
2246253
2246254
2246255
2246256
2246257
2246258
2246259
2246261
2246262
2246263
2246264
2246265
2246266
2246267
2246269
2246270
2246272
2246285
2246286
2246287
2246449
2246451
2246456
2246459
2246462
2246463
2246468
2246469
2246485
2246492
2246493
2246503
2246506
2246508
2246509
2246511
2246521
2246524
2246529
2246535
2246536
2246602
2246612
2246618
2246710
2246712
2246713
2246716
2246719
2246724
2246726
2246727
2246729
2246730
2246733
2246734
2246736
2246738
2246739
2246742
2246745
2246747
2246752
2246753
2246754
2246756
2246757
2246760
2246762
2246763
2246767
2246769
2246771
2246772
2246777
2246779
2246780
2246785
2246786
2246789
2246791
2246795
2246798
2246800
2246802
2246804
2246805
2246809
2246810
2246814
2246817
2246818
2246819
2246931
2246932
2246937
2246939
2246942
2246943
2246944
2246945
2246951
2246953
2246955
2246956
2246957
2246958
2246961
2246962
2246963
2246964
2246965
2246972
2246974
2246975
2246976
2246978
2246979
2246980
2246983
2246988
2246989
2246994
2246996
2246997
2247003
2247005
2247007
2247008
2247009
2247010
2247013
2247014
2247015
2247017
2247018
2247025
2247026
2247031
2247034
2247035
2247136
2247138
2247143
2247147
2247151
2247155
2247159
2247163
2247166
2247170
2247175
2247178
2247333
2247338
2247339
2247342
2247346
2247349
2247350
2247352
2247357
2247358
2247391
2247394
2247395
2247398
2247399
2247402
2247404
2247405
2247407
2247408
2247411
2247412
2247415
2247417
2247418
2247420
2247421
2247424
2247425
2247428
2247429
2247432
2247433
2247436
2247437
2247439
2247440
2247443
2247444
2247447
2247502
2247504
2247506
2247508
2247512
2247514
2247516
2247518
2247521
2247523
2247525
2247527
2247529
2247531
2247534
2247536
2247581
2247589
2247597
2247598
2247600
2247605
2247606
2247608
2247611
2247618
2247619
2247620
2247625
2247642
2247643
2247645
2247650
2247651
2247653
2247656
2247661
2247667
2247668
2247670
2247790
2247791
2247792
2247793
2247794
2247795
2247796
2247797
2247798
2247799
2247800
2247801
2247802
2247803
2247804
2247805
2247806
2247807
2247808
2247809
2247810
2247811
2247812
2247813
2247814
2247815
2247816
2247817
2247818
2247819
2247820
2247821
2247822
2247823
2247824
2247825
2247826
2247827
2247828
2247831
2247832
2247833
2247834
2247835
2247836
2247837
2247838
2247840
2247841
2247842
2247843
2247844
2247845
2247846
2247847
2247848
2247849
2247850
2247851
2247852
2247853
2247854
2247855
2247856
2247857
2247858
2247859
2247860
2247861
2247862
2247863
2247864
2247865
2247866
2247867
2247868
2247869
2247870
2247871
2247872
2247873
2247874
2247875
2247876
2247877
2247878
2247879
2247880
2247881
2247882
2247883
2247884
2247885
2247886
2247887
2247888
2247889
2247890
2247891
2247892
2247893
2247894
2247895
2247896
2247897
2247898
2247899
2247900
2247901
2247902
2247903
2247904
2247905
2247907
2247908
2247909
2247910
2247911
2247912
2247913
2247915
2247916
2247917
2247918
2247919
2247920
2247921
2247922
2247923
2247924
2247925
2247926
2247927
2247928
2247929
2247930
2247931
2247932
2247933
2247934
2247935
2247936
2247937
2247938
2247939
2247940
2247941
2247942
2247943
2247944
2247945
2247946
2247947
2247948
2247949
2248112
2248113
2248116
2248118
2248121
2248124
2248127
2248130
2248148
2248149
2248150
2248151
2248152
2248153
2248154
2248155
2248156
2248157
2248158
2248159
2248160
2248161
2248162
2248163
2248164
2248165
2248166
2248167
2248168
2248169
2248170
2248171
2248172
2248173
2248174
2248175
2248176
2248177
2248178
2248179
2248213
2248214
2248216
2248218
2248221
2248223
2248240
2248241
2248243
2248244
2248252
2248253
2248254
2248255
2248256
2248257
2248258
2248259
2248260
2248261
2248262
2248263
2248264
2248265
2248266
2248267
2248268
2248269
2248270
2248271
2248272
2248273
2248274
2248275
2248466
2248471
2248473
2248474
2057825
2057827
2057828
2057831
2057832
2057833
2057835
2057836
2057837
2057838
2057839
2057840
2057841
2057842
2057843
2057844
2057845
2057846
2057847
2057848
2057849
2057850
2057851
2057852
2057853
2057854
2057855
2057856
2057858
2057859
2057861
2057862
2057863
2057864
2057865
2057866
2057867
2057868
2057869
2057870
2057871
2057872
2057873
2057874
2057875
2057876
2057877
2057878
2057879
2057880
2057881
2057882
2057883
2057884
2057885
2057886
2057887
2057888
2057889
2057890
2057891
2057892
2057893
2057894
2057895
2057896
2057897
2057898
2057899
2057900
2057901
2057902
2057903
2057904
2057905
2057906
2057907
2057908
2057909
2057910
2057911
2057912
2057913
2057914
2057915
2057916
2057917
2057918
2057919
2057920
2057921
2057922
2057923
2057924
2057925
2057926
2057927
2057929
2057930
2057931
2057932
2057933
2057934
2057935
2057936
2057937
2057938
2057939
2057940
2057941
2057942
2057943
2057944
2057945
2057946
2057947
2057948
2057949
2057950
2057951
2057952
2057953
2057954
2057955
2057956
2057957
2057958
2057959
2057960
2057961
2057962
2057963
2057964
2057965
2057967
2057969
2057970
2057971
2057972
2057973
2057974
2057975
2057976
2057977
2057978
2057979
2057980
2057981
2057982
2057983
2057984
2057985
2057986
2057987
2057988
2057989
2057990
2057991
2057992
2057993
2057994
2057995
2057996
2057997
2057998
2057999
2058000
2058001
2058002
2058003
2058004
2058005
2058006
2058007
2058008
2058009
2058010
2058011
2058012
2058013
2058014
2058015
2058016
2058017
2058018
2058019
2058020
2058021
2058022
2058023
2058024
2058025
2058026
2058027
2058028
2058029
2058030
2058031
2058032
2058033
2058034
2058035
2058036
2058037
2058038
2058039
2058040
2058041
2058042
2058043
2058044
2058045
2058046
2058047
2058048
2058049
2058050
2058051
2058052
2058053
2058054
2058055
2058056
2058057
2058058
2058059
2058060
2058061
2058062
2058063
2058064
2058065
2058066
2058067
2058068
2058069
2058070
2058071
2058072
2058073
2058074
2058075
2058077
2058078
2058079
2058080
2058081
2058082
2058083
2058084
2058085
2058086
2058087
2058088
2058089
2058090
2058091
2058092
2058093
2058094
2058095
2058096
2058097
2058098
2058099
2058100
2058101
2058102
2058103
2058104
2058105
2058106
2058107
2058108
2058109
2058110
2058111
2058112
2058113
2058114
2058115
2058116
2058117
2058118
2058119
2058120
2058121
2060589
2060590
2060592
2060593
2060594
2060595
2060596
2060597
2060598
2060599
2060600
2060603
2060604
2060605
2060606
2060607
2060608
2060609
2060610
2060611
2060613
2060615
2060616
2060617
2060618
2060619
2060620
2060621
2060622
2060623
2060624
2060625
2060626
2060627
2060628
2060629
2060630
2060632
2060633
2060636
2060638
2060639
2060640
2060641
2060646
2060647
2060648
2060649
2060650
2060651
2060652
2060653
2060654
2060655
2060656
2060657
2060658
2060659
2060660
2060661
2060662
2060663
2060664
2060665
2060666
2060667
2060668
2060669
2060670
2060671
2060672
2060673
2060674
2060675
2060676
2060677
2060678
2060679
2060680
2060681
2060682
2060683
2060684
2060685
2060686
2060687
2060688
2060689
2060690
2060691
2060692
2060693
2060694
2060695
2060696
2060697
2060698
2060699
2060700
2060701
2060702
2060703
2060704
2060705
2060706
2060708
2060709
2060710
2060711
2060712
2060713
2060714
2060715
2060716
2060717
2060718
2060719
2060720
2060722
2060727
2060728
2060730
2060731
2060732
2060733
2060734
2060735
2060736
2060737
2060738
2060739
2060740
2060741
2060742
2060743
2060744
2060745
2060746
2060747
2060748
2060749
2060750
2060751
2060752
2060753
2060754
2060755
2060756
2060757
2060758
2060759
2060760
2060761
2060762
2060763
2060764
2060765
2060766
2060767
2060768
2060769
2060770
2060771
2060772
2060773
2060774
2060775
2060776
2060777
2060778
2060779
2060780
2060781
2060782
2060783
2060784
2060785
2060786
2060787
2060788
2060789
2060790
2060791
2060792
2060793
2060794
2060795
2060796
2060797
2060798
2060799
2060800
2060801
2060802
2060803
2060804
2060805
2060806
2060807
2060808
2060809
2060810
2060811
2060812
2060813
2060814
2060816
2060817
2060818
2060819
2060820
2060821
2060822
2060823
2060824
2060825
2060827
2060828
2060831
2060832
2060833
2060834
2060835
2060836
2060837
2060838
2060839
2060840
2060841
2060842
2060843
2060844
2060845
2060846
2060847
2060848
2060849
2060850
2060851
2060852
2060853
2060854
2060855
2060856
2060857
2060858
2060859
2060860
2060861
2060862
2060863
2060864
2060865
2060866
2060867
2060868
2060869
2060870
2060871
2060872
2060873
2060874
2060875
2060876
2060877
2060878
2060879
2060880
2060881
2060882
2060883
2060884
2060885
2060886
2060887
2060888
2060889
2060890
2060891
2060892
2060893
2060894
2060895
2060896
2060897
2060898
2060899
2060900
2060901
2060902
2060903
2060904
2060905
2060906
2060907
2060908
2060909
2060910
2060911
2060912
2060913
2060914
2060915
2060916
2060917
2060918
2060919
2060920
2060921
2060922
2060923
2060924
2060925
2060926
2060927
2060928
2060929
2060930
2060931
2060932
2060933
2060934
2060935
2060936
2060937
2060938
2060939
2060941
2060942
2060943
2060944
2060945
2060948
2060949
2060950
2060951
2060952
2060954
2060955
2060956
2060957
2060958
2060959
2060960
2060961
2060962
2060963
2060964
2060965
2060966
2060967
2060968
2060969
2060970
2060971
2060972
2060973
2060974
2060975
2060976
2060977
2060978
2060979
2060980
2060981
2060982
2060983
2060984
2060985
2060986
2060987
2060988
2060989
2060990
2060991
2060992
2060993
2060994
2060995
2060996
2060997
2060998
2060999
2061000
2061001
2061002
2061003
2061004
2061005
2061006
2061007
2061008
2061009
2061010
2061011
2061012
2061013
2061014
2061015
2061016
2061017
2061018
2061019
2061020
2061021
2061022
2061023
2061024
2061025
2061026
2061027
2061028
2061029
2061030
2061031
2061032
2061033
2061034
2061035
2061036
2061037
2061038
2061039
2061040
2061041
2061042
2061043
2061044
2061045
2061046
2061047
2061048
2061049
2061050
2061051
2061053
2061054
2061055
2061056
2061057
2061060
2061066
2061067
2061068
2061069
2061070
2061072
2061073
2061074
2061075
2061076
2061078
2061079
2061080
2061081
2061082
2061083
2061084
2061085
2061086
2061087
2061088
2061089
2061090
2061091
2061092
2061093
2061094
2061095
2061096
2061097
2061098
2061099
2061100
2061101
2061102
2061103
2061104
2061105
2061106
2061107
2061108
2061109
2061110
2061111
2061112
2061113
2061114
2061115
2061116
2061117
2061118
2061119
2061120
2061121
2061122
2061123
2061124
2061125
2061126
2061127
2061128
2061129
2061130
2061131
2061132
2061133
2061134
2061135
2061136
2061137
2061138
2061139
2061140
2061141
2061142
2061143
2061144
2061145
2061146
2061147
2061148
2061149
2061150
2061151
2061152
2061153
2061154
2061155
2061156
2061157
2061158
2061159
2061160
2061161
2061162
2061163
2061164
2061165
2061166
2061167
2061168
2061169
2061170
2061171
2061172
2061173
2061174
2061176
2061178
2061179
2061180
2061181
2061182
2061184
2061190
2061191
2061192
2061193
2061194
2061195
2061196
2061198
2061199
2061200
2061201
2061202
2061203
2061204
2061205
2061206
2061207
2061208
2061209
2061210
2061211
2061212
2061213
2061214
2061215
2061216
2061217
2061218
2061219
2061220
2061221
2061222
2061223
2061224
2061225
2061226
2061227
2061228
2061229
2061230
2061231
2061232
2061233
2061234
2061235
2061236
2061237
2061238
2061239
2061240
2061241
2061242
2061243
2061244
2061245
2061246
2061247
2061248
2061249
2061250
2061251
2061252
2061253
2061254
2061255
2061256
2061257
2061258
2061259
2061260
2061261
2061262
2061263
2061264
2061265
2061266
2061267
2061268
2061269
2061270
2061271
2061272
2061273
2061274
2061275
2061276
2061277
2061278
2061279
2061280
2061281
2061282
2061283
2061284
2061285
2061286
2061287
2061288
2061289
2061290
2061291
2061292
2061293
2061294
2061295
2061296
2061297
2061299
2061300
2061302
2061303
2061304
2061305
2061306
2061308
2061309
2061310
2061311
2061312
2061313
2061314
2061315
2061316
2061317
2061318
2061319
2061320
2061321
2061322
2061323
2061324
2061325
2061326
2061327
2061328
2061329
2061330
2061331
2061332
2061333
2061334
2061335
2061336
2061337
2061338
2061339
2061340
2061341
2061342
2061343
2061344
2061345
2061346
2061347
2061348
2061349
2061350
2061351
2061352
2061353
2061354
2061355
2061356
2061357
2061358
2061359
2061360
2061361
2061362
2061363
2061364
2061365
2061366
2061367
2061368
2061369
2061370
2061371
2061372
2061373
2061374
2061375
2061376
2061377
2061378
2061379
2061380
2061381
2061382
2061383
2061384
2061385
2061386
2061387
2061388
2061389
2061390
2061391
2061392
2061393
2061394
2061396
2061397
2061401
2061402
2061403
2061405
2061411
2061412
2061413
2061414
2061415
2061417
2061418
2061419
2061420
2061421
2061422
2061424
2061425
2061426
2061427
2061428
2061429
2061430
2061431
2061432
2061433
2061434
2061435
2061436
2061437
2061438
2061439
2061440
2061441
2061442
2061443
2061444
2061445
2061446
2061447
2061448
2061449
2061450
2061451
2061452
2061453
2061454
2061455
2061456
2061457
2061458
2061459
2061460
2061461
2061462
2061463
2061464
2061465
2061466
2061467
2061468
2061469
2061470
2061471
2061472
2061473
2061474
2061475
2061476
2061477
2061478
2061479
2061480
2061482
2061483
2061486
2061488
2061494
2061495
2061498
2061499
2061500
2061501
2061502
2061504
2061505
2061506
2061507
2061508
2061509
2061511
2061513
2061520
2061521
2061522
2061523
2061524
2061526
2061528
2061529
2061536
2061537
2061538
2061539
2082011
2082012
2082013
2082014
2082015
2082016
2082019
2082020
2082022
2082023
2082024
2082025
2082026
2082027
2082028
2082029
2082030
2082031
2082032
2082033
2082034
2082035
2082036
2082037
2082038
2082039
2082040
2082041
2082042
2082043
2082044
2082045
2082046
2082047
2082048
2082049
2082050
2082051
2082052
2082053
2082054
2082055
2082056
2082057
2082058
2082059
2082060
2082061
2082062
2082063
2082064
2082065
2082066
2082067
2082068
2082069
2082070
2082071
2082072
2082073
2082074
2082075
2082076
2082077
2082078
2082079
2082080
2082081
2082082
2082083
2082084
2082085
2082086
2082087
2082088
2082089
2082090
2082091
2082092
2082093
2082094
2082095
2082096
2082097
2082098
2082099
2082100
2082101
2082102
2082103
2082104
2082105
2082106
2082107
2082108
2082109
2082110
2082111
2082112
2082113
2082114
2082115
2082116
2082117
2082118
2082119
2082120
2082121
2082122
2082123
2082124
2082125
2082126
2082127
2082128
2082129
2082130
2082131
2082132
2082133
2082134
2082135
2082136
2082137
2082138
2082139
2082140
2082141
2082142
2082143
2082144
2082145
2082146
2082147
2082148
2082149
2082150
2082151
2082152
2082153
2082154
2082155
2082156
2082157
2082158
2082159
2082160
2082161
2082162
2082163
2082164
2082165
2082166
2082167
2082168
2082169
2082170
2082171
2082172
2082173
2082174
2082175
2082176
2082177
2082178
2082179
2082180
2082181
2082182
2082183
2082184
2082185
2082186
2082187
2082188
2082189
2082190
2082191
2082192
2082193
2082194
2082195
2082196
2082197
2082198
2082199
2082200
2082201
2082202
2082203
2082204
2082205
2082206
2082207
2082208
2082209
2082210
2082211
2082212
2082213
2082214
2082215
2082216
2082217
2082218
2082219
2082220
2082221
2082222
2082223
2082224
2082225
2082226
2082227
2082228
2082229
2082230
2082231
2082232
2082233
2082234
2082235
2082236
2082237
2082238
2082239
2082240
2082241
2082242
2082243
2082244
2082245
2082246
2082247
2082248
2082249
2082250
2082251
2082252
2082253
2082254
2082255
2082256
2082257
2082258
2082259
2082260
2082261
2082262
2082263
2082264
2082265
2082266
2082267
2082268
2082269
2082270
2082271
2082272
2082273
2082274
2082275
2082276
2082277
2082278
2082279
2082280
2082281
2082282
2082283
2082285
2082286
2082288
2082289
2082290
2082291
2082292
2082293
2082294
2082295
2082296
2082297
2082298
2082299
2082300
2082301
2082302
2082303
2082304
2082305
2082306
2082307
2082308
2082309
2082310
2082311
2082312
2082313
2082314
2082315
2082316
2082317
2082318
2082319
2082320
2082321
2082322
2082323
2082324
2082325
2082326
2082327
2082328
2082329
2082330
2082331
2082332
2082333
2082334
2082335
2082336
2082337
2082338
2082339
2082340
2082341
2082342
2082343
2082344
2082345
2082346
2082347
2082348
2082349
2082350
2082351
2082352
2082353
2082354
2082355
2082356
2082357
2082358
2082359
2082361
2082362
2082363
2082364
2082365
2082366
2082367
2082368
2082369
2082370
2082371
2082372
2082373
2082374
2082375
2082376
2082377
2082378
2082379
2082380
2082381
2082382
2082383
2082384
2082385
2082386
2082387
2082388
2082389
2082390
2082391
2082392
2082393
2082394
2082395
2082396
2082397
2082398
2082399
2082400
2082401
2082402
2082403
2082404
2082405
2082406
2082407
2082408
2082409
2082410
2082411
2082412
2082413
2082414
2082415
2082416
2082417
2082418
2082419
2082420
2082421
2082422
2082423
2082424
2082425
2082426
2082427
2082428
2082429
2082430
2082431
2082432
2082433
2082434
2082435
2082436
2082437
2082438
2082439
2082440
2082441
2082442
2082443
2082444
2082445
2082446
2082447
2082448
2082449
2082450
2082451
2082452
2082453
2082454
2082455
2082456
2082457
2082458
2082459
2082460
2082461
2082462
2082463
2082464
2082465
2082466
2082467
2082468
2082469
2082470
2082471
2082472
2082473
2082474
2082475
2082476
2082477
2082478
2082479
2082480
2082481
2082482
2082483
2082484
2082485
2082486
2082487
2082488
2082489
2082490
2082491
2082492
2082493
2082494
2082495
2082496
2082497
2082498
2082499
2082500
2082501
2082502
2082503
2082504
2082505
2082506
2082507
2082508
2082509
2082510
2082511
2082512
2082513
2082514
2082515
2082516
2082517
2082518
2082519
2082520
2082521
2082522
2082523
2082524
2082525
2082526
2082527
2082528
2082529
2082530
2082531
2082532
2082533
2082534
2082535
2082536
2082537
2082538
2082539
2082540
2082541
2082542
2082543
2082544
2082545
2082546
2082547
2082548
2082549
2082550
2082551
2082552
2082553
2082554
2082555
2082556
2082557
2082558
2082559
2082560
2082561
2082562
2082563
2082564
2082565
2082566
2082567
2082568
2082569
2082570
2082571
2082572
2082573
2082574
2082575
2082576
2082577
2082578
2082579
2082580
2082581
2082582
2082583
2082584
2082585
2082586
2082587
2082588
2082589
2082590
2082591
2082592
2082593
2091203
2091204
2091205
2091207
2091216
2091217
2091218
2091219
2091220
2091221
2091222
2091223
2091224
2091225
2091226
2091227
2091228
2091229
2091230
2091231
2091243
2091244
2091247
2091248
2091249
2091250
2091251
2091252
2091253
2091254
2091255
2091256
2091257
2091258
2091259
2091260
2091261
2091262
2091263
2091264
2091267
2091268
2091269
2091270
2091271
2091272
2091273
2091274
2091275
2091276
2091277
2091278
2091279
2091280
2091281
2091282
2091283
2091284
2091285
2091286
2091288
2091289
2091290
2091291
2091292
2091293
2091294
2091295
2091296
2091297
2091298
2091299
2091300
2091301
2091302
2091303
2091317
2091318
2091319
2091320
2091330
2091331
2091332
2091333
2091334
2091335
2091336
2091337
2091338
2091356
2091357
2091358
2091359
2091360
2091361
2091362
2091363
2091364
2091365
2091366
2091367
2091368
2091369
2091370
2091371
2091372
2091373
2091374
2091375
2091376
2091377
2091378
2091379
2091380
2091381
2091382
2091383
2091384
2091385
2091386
2091387
2091388
2091389
2091390
2091391
2091392
2091393
2091394
2091395
2091396
2091397
2091398
2091399
2091400
2091401
2091402
2091403
2091404
2091405
2091406
2091407
2091408
2091409
2091410
2091411
2091412
2091413
2091414
2091415
2091416
2091417
2091418
2091419
2091420
2091421
2091422
2091423
2091424
2091425
2091426
2091427
2091428
2091429
2091430
2091431
2091432
2091433
2091434
2091435
2091436
2091437
2091438
2091439
2091440
2091441
2091442
2091443
2091444
2091445
2091446
2091447
2091448
2091449
2091450
2091451
2091452
2091453
2091454
2091455
2091456
2091457
2091458
2091459
2091460
2091461
2091462
2091463
2091464
2091465
2091466
2091467
2091468
2091469
2091470
2091471
2091472
2091473
2091474
2091475
2091476
2091477
2091478
2091479
2091480
2091481
2091482
2091483
2091484
2091485
2091486
2091487
2091488
2091489
2091490
2091491
2091492
2091493
2091494
2091495
2091496
2091497
2091498
2091499
2091500
2091501
2091502
2091503
2091504
2091505
2091506
2091507
2091508
2091527
2091528
2091529
2091530
2091538
2091539
2091540
2091541
2091542
2091543
2091544
2091545
2091546
2091547
2091548
2091549
2091550
2091551
2091552
2091553
2091554
2091555
2091556
2091557
2091558
2091559
2091560
2091561
2091562
2091563
2091564
2091565
2091566
2091567
2091568
2091569
2091570
2091571
2091572
2091573
2091574
2091575
2091576
2091577
2091578
2091579
2091580
2091581
2091582
2091583
2091584
2091585
2091586
2091587
2091588
2091589
2091590
2091591
2091592
2091593
2091594
2091595
2091596
2091597
2091598
2091599
2091600
2091601
2091602
2091603
2091604
2091605
2091606
2091607
2091608
2091609
2091610
2091611
2091612
2091613
2091614
2091615
2091616
2091617
2091618
2091619
2091620
2091621
2091622
2091623
2091624
2091625
2091626
2091627
2091628
2091629
2091630
2091631
2091632
2091633
2091634
2091635
2091636
2091637
2091638
2091639
2091640
2091641
2091642
2091643
2091644
2091645
2091646
2091647
2091648
2091649
2091650
2091651
2091652
2091653
2091654
2091655
2091656
2091657
2091658
2091659
2091660
2091661
2091662
2091663
2091664
2091665
2091666
2091667
2091668
2091669
2091670
2091671
2091672
2091673
2091674
2091675
2091676
2091677
2091678
2091679
2091680
2091681
2091682
2091683
2091684
2091685
2091686
2091687
2091688
2091689
2091690
2091691
2091692
2091693
2091694
2091695
2091696
2091697
2091698
2091699
2091700
2091701
2091702
2091703
2091704
2091705
2091706
2091707
2091708
2091709
2091710
2091711
2091712
2091713
2091714
2091715
2091716
2091717
2091718
2091719
2091720
2091721
2091722
2091723
2091724
2091725
2091726
2091727
2091728
2091729
2091731
2091732
2091733
2091734
2091745
2091746
2091747
2091748
2091749
2091750
2091751
2091752
2091754
2091755
2091756
2091757
2091758
2091759
2091760
2091761
2091773
2091774
2091775
2091776
2091777
2091778
2091779
2091780
2091781
2091782
2091783
2091784
2091785
2091786
2091787
2091788
2091789
2091790
2091791
2091792
2091793
2091794
2091795
2091796
2091797
2091798
2091799
2091800
2091801
2091802
2091803
2091804
2091805
2091806
2091807
2091808
2091809
2091810
2091811
2091812
2091813
2091814
2091815
2091816
2091817
2091818
2091819
2091820
2091821
2091822
2091823
2091824
2091825
2091826
2091827
2091828
2091829
2091830
2091831
2091832
2091833
2091834
2091835
2091836
2091837
2091838
2091839
2091840
2091841
2091842
2091843
2091844
2091845
2091846
2091847
2091848
2091849
2091850
2091851
2091852
2091853
2091854
2091855
2091856
2091857
2091858
2091859
2091860
2091861
2091862
2091863
2091864
2091865
2091866
2091867
2091868
2091869
2091870
2091871
2091872
2091873
2091874
2091875
2091876
2091877
2091878
2091879
2091880
2091881
2091882
2091883
2091884
2091885
2091886
2091887
2091888
2091889
2091890
2091891
2091892
2091893
2091894
2091895
2091896
2091897
2091898
2091899
2091900
2091901
2091902
2091903
2091904
2091905
2091906
2091907
2091908
2091909
2091910
2091911
2091912
2091913
2091914
2091915
2091916
2091917
2091918
2091919
2091920
2091921
2091922
2091923
2091924
2091925
2091926
2091927
2091928
2091929
2091930
2091931
2091932
2091933
2091934
2091935
2091936
2091937
2091938
2091939
2091940
2091941
2091942
2091943
2091944
2091945
2091946
2091947
2091948
2091949
2091950
2091951
2091952
2091953
2091954
2091955
2091956
2091957
2091958
2091959
2091960
2091961
2091962
2091963
2091964
2091965
2091966
2091967
2091968
2091969
2091970
2091971
2091972
2091985
2091986
2091987
2091988
2091989
2091990
2091991
2091992
2091993
2091994
2091997
2091998
2091999
2092000
2092001
2092002
2092003
2092004
2092005
2092006
2092008
2092009
2092010
2092011
2092012
2092013
2092014
2092015
2092016
2092017
2092018
2092019
2092020
2092021
2092022
2092023
2092024
2092025
2092026
2092027
2092028
2092029
2092030
2092031
2092032
2092033
2092034
2092035
2092036
2092037
2092038
2092039
2092040
2092041
2092042
2092043
2092044
2092045
2092046
2092047
2092048
2092049
2092050
2092051
2092052
2092053
2092054
2092055
2092056
2092057
2092058
2092059
2092060
2092061
2092062
2092063
2092064
2092065
2092066
2092067
2092068
2092069
2092070
2092071
2092072
2092073
2092074
2092075
2092076
2092077
2092078
2092079
2092080
2092081
2092082
2092083
2092084
2092085
2092086
2092087
2092088
2092089
2092090
2092091
2092092
2092093
2092094
2092095
2092096
2092097
2092098
2092099
2092100
2092101
2092102
2092103
2092104
2092105
2092106
2092107
2092108
2092109
2092110
2092111
2092112
2092113
2092114
2092115
2092116
2092117
2092118
2092119
2092120
2092121
2092122
2092123
2092124
2092125
2092126
2092127
2092128
2092129
2092130
2092131
2092132
2092133
2092134
2092135
2092136
2092137
2092138
2092139
2092140
2092141
2092142
2092143
2092144
2092145
2092146
2092147
2092148
2092149
2092150
2092151
2092152
2092153
2092154
2092155
2092156
2092157
2092158
2092159
2092160
2092161
2092162
2092163
2092164
2092165
2092166
2092167
2092168
2092169
2092170
2092171
2092172
2092173
2092174
2092175
2092176
2092177
2092178
2092179
2092180
2092181
2092182
2092183
2092184
2092185
2092186
2092187
2092188
2092189
2092190
2092191
2092192
2092193
2092194
2092195
2092196
2092197
2092198
2092199
2092200
2092201
2092202
2092203
2092204
2092205
2092206
2092207
2092208
2092209
2092210
2092211
2092212
2092213
2092216
2092217
2092230
2092231
2092232
2092233
2092234
2092235
2092236
2092237
2092238
2092239
2092240
2092241
2092242
2092243
2092244
2092245
2092246
2092247
2092248
2092249
2092251
2092252
2092253
2092254
2092255
2092256
2092257
2092258
2092259
2092260
2092261
2092262
2092263
2092264
2092265
2092266
2092267
2092268
2092269
2092270
2092271
2092272
2092273
2092274
2092275
2092276
2092277
2092278
2092279
2092280
2092281
2092282
2092283
2092284
2092285
2092286
2092287
2092288
2092289
2092290
2092291
2092292
2092293
2092294
2092295
2092296
2092297
2092298
2092299
2092300
2092301
2092302
2092303
2092304
2092305
2092306
2092307
2092308
2092309
2092310
2092311
2092312
2092313
2092314
2092315
2092316
2092317
2092318
2092319
2092320
2092321
2092322
2092323
2092324
2092325
2092326
2092327
2092328
2092329
2092330
2092331
2092332
2092333
2092334
2092335
2092336
2092337
2092338
2092339
2092340
2092341
2092342
2092343
2092344
2092345
2092346
2092347
2092348
2092349
2092350
2092351
2092352
2092353
2092354
2092355
2092356
2092357
2092358
2092359
2092360
2092361
2092362
2092363
2092364
2092365
2092366
2092367
2092368
2092369
2092370
2092371
2092372
2092373
2092374
2092375
2092376
2092377
2092378
2092379
2092380
2092381
2092382
2092383
2092384
2092385
2092386
2092387
2092388
2092389
2092390
2092391
2092392
2092393
2092394
2092395
2092396
2092397
2092398
2092399
2092400
2092401
2092402
2092403
2092404
2092405
2092406
2092407
2092408
2092409
2092410
2092411
2092412
2092413
2092414
2092415
2092416
2092417
2092418
2092419
2092420
2092421
2092422
2092423
2092424
2092425
2092426
2092427
2092428
2092429
2092430
2092431
2092432
2092433
2092434
2092435
2092436
2092437
2092438
2092439
2092440
2092441
2092442
2092443
2092444
2092446
2092447
2092449
2092450
2092451
2092452
2092453
2092454
2092455
2092456
2092457
2092458
2092459
2092460
2092474
2092475
2092476
2092477
2092478
2092479
2092480
2092481
2092482
2092483
2092484
2092485
2092486
2092487
2092488
2092489
2092503
2092504
2092505
2092506
2092507
2092508
2092509
2092510
2092511
2092512
2092513
2092514
2092515
2092516
2092517
2092518
2092519
2092520
2092521
2092522
2092523
2092524
2092525
2092526
2092527
2092528
2092529
2092530
2092531
2092532
2092533
2092534
2092535
2092536
2092537
2092538
2092539
2092540
2092541
2092542
2092543
2092544
2092545
2092546
2092547
2092548
2092549
2092550
2092551
2092552
2092553
2092554
2092555
2092556
2092557
2092558
2092559
2092560
2092561
2092562
2092563
2092564
2092565
2092566
2092567
2092568
2092569
2092570
2092571
2092572
2092573
2092574
2092575
2092576
2092577
2092578
2092579
2092580
2092581
2092582
2092583
2092584
2092585
2092586
2092587
2092588
2092589
2092590
2092591
2092592
2092593
2092594
2092595
2092596
2092597
2092598
2092599
2092600
2092601
2092602
2092603
2092604
2092605
2092606
2092607
2092608
2092609
2092610
2092611
2092612
2092613
2092614
2092615
2092616
2092617
2092618
2092619
2092620
2092621
2092622
2092623
2092624
2092625
2092626
2092627
2092628
2092629
2092630
2092631
2092632
2092633
2092634
2092635
2092636
2092637
2092638
2092639
2092640
2092641
2092642
2092643
2092644
2092645
2092646
2092647
2092648
2092649
2092650
2092651
2092652
2092653
2092654
2092655
2092656
2092657
2092658
2092659
2092660
2092661
2092662
2092663
2092664
2092665
2092666
2092667
2092668
2092669
2092670
2092671
2092672
2092673
2092674
2092675
2092676
2092677
2092678
2092679
2092680
2092681
2092682
2092683
2092684
2092685
2092686
2092687
2092688
2092689
2092690
2092691
2092692
2092693
2092694
2092696
2092697
2092698
2092699
2092700
2092701
2092702
2092703
2092717
2092718
2092719
2092721
2092733
2092734
2092735
2092736
2092737
2092738
2092739
2092740
2092741
2092742
2092743
2092744
2092745
2092746
2092747
2092748
2092749
2092750
2092751
2092752
2092753
2092754
2092755
2092756
2092757
2092758
2092759
2092760
2092761
2092762
2092763
2092764
2092765
2092766
2092767
2092768
2092769
2092770
2092771
2092772
2092773
2092774
2092775
2092776
2092777
2092778
2092779
2092780
2092781
2092782
2092783
2092784
2092785
2092786
2092787
2092788
2092789
2092790
2092791
2092792
2092793
2092794
2092795
2092796
2092797
2092798
2092799
2092800
2092801
2092802
2092803
2092804
2092805
2092806
2092807
2092808
2092809
2092810
2092811
2092812
2092813
2092814
2092815
2092816
2092817
2092818
2092819
2092820
2092821
2092822
2092823
2092824
2092825
2092826
2092827
2092828
2092829
2092830
2092831
2092832
2092833
2092834
2092835
2092836
2092837
2092838
2092839
2092840
2092841
2092842
2092843
2092844
2092845
2092846
2092847
2092848
2092849
2092850
2092851
2092852
2092853
2092854
2092855
2092856
2092857
2092858
2092859
2092860
2092861
2092862
2092863
2092864
2092865
2092866
2092867
2092868
2092869
2092870
2092871
2092872
2092873
2092874
2092875
2092876
2092877
2092878
2092879
2092880
2092881
2092882
2092883
2092884
2092885
2092886
2092887
2092888
2092889
2092890
2092891
2092892
2092893
2092894
2092895
2092896
2092897
2092898
2092899
2092900
2092901
2092902
2092903
2092904
2092905
2092906
2092907
2092908
2092909
2092910
2092911
2092912
2092913
2092914
2092915
2092916
2092917
2092918
2092919
2092920
2092921
2092922
2092923
2092924
2092940
2092941
2092942
2092943
2092944
2092945
2092946
2092947
2092948
2092967
2092968
2092969
2092970
2092971
2092972
2092973
2092974
2092975
2092976
2092977
2092978
2092979
2092980
2092981
2092982
2092983
2092984
2092985
2092986
2092987
2092988
2092989
2092990
2092992
2092993
2092994
2092995
2092996
2092997
2092998
2092999
2093000
2093001
2093002
2093003
2093004
2093005
2093006
2093007
2093008
2093009
2093010
2093011
2093012
2093013
2093014
2093015
2093016
2093017
2093018
2093019
2093020
2093021
2093022
2093023
2093024
2093025
2093026
2093027
2093028
2093029
2093030
2093031
2093032
2093033
2093034
2093035
2093036
2093037
2093038
2093039
2093040
2093041
2093042
2093043
2093044
2093045
2093046
2093047
2093048
2093049
2093050
2093051
2093052
2093053
2093054
2093055
2093056
2093057
2093058
2093059
2093060
2093061
2093062
2093063
2093064
2093065
2093066
2093067
2093068
2093069
2093070
2093071
2093072
2093073
2093074
2093075
2093076
2093077
2093078
2093079
2093080
2093081
2093082
2093083
2093084
2093085
2093086
2093087
2093088
2093089
2093090
2093091
2093092
2093093
2093094
2093095
2093096
2093097
2093098
2093099
2093100
2093101
2093102
2093103
2093104
2093105
2093106
2093107
2093108
2093109
2093110
2093111
2093134
2093135
2093136
2093137
2093151
2093152
2093153
2093154
2093155
2093156
2093157
2093158
2093172
2093173
2093174
2093175
2093176
2093177
2093178
2093179
2093180
2093181
2093182
2093183
2093184
2093185
2093187
2093188
2093203
2093204
2093205
2093206
2093207
2093208
2093209
2093210
2093211
2093212
2093214
2093215
2093217
2093218
2093219
2093220
2093235
2093236
2093237
2093238
2093239
2093240
2093241
2093242
)


// ************************************************************************* //
