/*--------------------------------*- C++ -*----------------------------------*\
| =========                 |                                                 |
| \\      /  F ield         | OpenFOAM: The Open Source CFD Toolbox           |
|  \\    /   O peration     | Version:  v2012                                 |
|   \\  /    A nd           | Website:  www.openfoam.com                      |
|    \\/     M anipulation  |                                                 |
\*---------------------------------------------------------------------------*/
FoamFile
{
    version     2.0;
    format      ascii;
    class       faceSet;
    location    "constant/polyMesh/sets";
    object      toppatch;
}
// * * * * * * * * * * * * * * * * * * * * * * * * * * * * * * * * * * * * * //


9040
(
2136802
2136803
2136804
2136806
2136814
2136815
2136816
2136817
2136818
2136819
2136820
2136821
2136822
2136823
2136824
2136825
2136826
2136827
2136828
2136829
2136830
2136831
2136832
2136833
2136834
2136835
2136838
2136839
2136840
2136841
2136842
2136843
2136844
2136845
2136846
2136847
2136848
2136849
2136850
2136851
2136852
2136853
2136854
2136855
2136858
2136859
2136862
2136863
2136864
2136865
2136866
2136867
2136868
2136869
2136870
2136871
2136872
2136873
2136874
2136875
2136876
2136877
2136878
2136879
2136880
2136881
2136882
2136883
2136890
2136891
2136892
2136893
2136894
2136895
2136896
2136897
2136898
2136899
2136900
2136901
2136902
2136903
2136904
2136905
2136916
2136917
2136918
2136919
2136935
2136936
2136937
2136938
2136939
2136940
2136941
2136942
2136943
2136944
2136945
2136946
2136947
2136948
2136949
2136950
2136951
2136952
2136953
2136954
2136955
2136956
2136957
2136958
2136959
2136960
2136961
2136962
2136963
2136964
2136965
2136966
2136967
2136968
2136969
2136970
2136971
2136972
2136973
2136974
2136975
2136976
2136977
2136978
2136979
2136980
2136981
2136982
2136983
2136984
2136985
2136986
2136987
2136988
2136989
2136990
2136991
2136992
2136993
2136994
2136995
2136996
2136997
2136998
2136999
2137000
2137001
2137002
2137003
2137004
2137005
2137006
2137007
2137008
2137009
2137010
2137011
2137012
2137013
2137014
2137015
2137016
2137017
2137018
2137019
2137020
2137021
2137022
2137023
2137024
2137025
2137026
2137027
2137028
2137029
2137030
2137031
2137032
2137033
2137034
2137035
2137036
2137037
2137038
2137039
2137040
2137041
2137042
2137043
2137044
2137045
2137046
2137047
2137048
2137049
2137050
2137051
2137052
2137053
2137054
2137055
2137056
2137057
2137058
2137059
2137060
2137061
2137062
2137063
2137064
2137065
2137066
2137067
2137068
2137069
2137070
2137071
2137072
2137073
2137074
2137075
2137076
2137077
2137078
2137079
2137080
2137081
2137082
2137083
2137084
2137085
2137086
2137087
2137088
2137089
2137090
2137091
2137092
2137093
2137094
2137095
2137096
2137097
2137098
2137099
2137100
2137101
2137102
2137103
2137104
2137105
2137106
2137107
2137108
2137109
2137110
2137111
2137112
2137113
2137114
2137115
2137116
2137117
2137118
2137119
2137120
2137121
2137122
2137123
2137124
2137125
2137126
2137127
2137128
2137129
2137130
2137131
2137132
2137133
2137134
2137135
2137144
2137145
2137146
2137147
2137148
2137149
2137150
2137151
2137152
2137162
2137163
2137164
2137165
2137167
2137168
2137169
2137170
2137171
2137172
2137173
2137174
2137175
2137176
2137177
2137178
2137179
2137180
2137181
2137182
2137183
2137184
2137185
2137186
2137187
2137188
2137189
2137190
2137191
2137192
2137193
2137194
2137195
2137196
2137197
2137198
2137199
2137200
2137201
2137202
2137203
2137204
2137205
2137206
2137207
2137208
2137209
2137210
2137211
2137212
2137213
2137214
2137215
2137216
2137217
2137218
2137219
2137220
2137221
2137222
2137223
2137224
2137225
2137226
2137227
2137228
2137229
2137230
2137231
2137232
2137233
2137234
2137235
2137236
2137237
2137238
2137239
2137240
2137241
2137242
2137243
2137244
2137245
2137246
2137247
2137248
2137249
2137250
2137251
2137252
2137253
2137254
2137255
2137256
2137257
2137258
2137259
2137260
2137261
2137262
2137263
2137264
2137265
2137266
2137267
2137268
2137269
2137270
2137271
2137272
2137273
2137274
2137275
2137276
2137277
2137278
2137279
2137280
2137281
2137282
2137283
2137284
2137285
2137286
2137287
2137288
2137289
2137290
2137291
2137292
2137293
2137294
2137295
2137296
2137297
2137298
2137299
2137300
2137301
2137302
2137303
2137304
2137305
2137306
2137307
2137308
2137309
2137310
2137311
2137312
2137313
2137314
2137315
2137316
2137317
2137318
2137319
2137320
2137321
2137322
2137323
2137324
2137325
2137326
2137327
2137328
2137329
2137330
2137331
2137332
2137333
2137334
2137335
2137336
2137337
2137338
2137339
2137340
2137341
2137342
2137343
2137344
2137345
2137346
2137347
2137348
2137349
2137350
2137351
2137352
2137353
2137354
2137355
2137356
2137357
2137358
2137359
2137360
2137361
2137362
2137363
2137364
2137365
2137366
2137367
2137368
2137369
2137370
2137371
2137372
2137373
2137374
2137375
2137376
2137377
2137378
2137379
2137380
2137381
2137382
2137383
2137384
2137385
2137386
2137387
2137388
2137389
2137390
2137391
2137392
2137393
2137394
2137395
2137396
2137397
2137398
2137399
2137400
2137401
2137402
2137403
2137404
2137405
2137406
2137407
2137408
2137409
2137410
2137411
2137412
2137413
2137414
2137415
2137416
2137417
2137418
2137419
2137420
2137421
2137422
2137431
2137432
2137433
2137434
2137442
2137443
2137444
2137445
2137446
2137447
2137448
2137449
2137451
2137452
2137453
2137454
2137455
2137456
2137457
2137458
2137459
2137460
2137461
2137462
2137463
2137464
2137465
2137466
2137467
2137468
2137469
2137470
2137471
2137472
2137473
2137474
2137475
2137476
2137477
2137478
2137479
2137480
2137481
2137482
2137483
2137484
2137485
2137486
2137487
2137488
2137489
2137490
2137491
2137492
2137493
2137494
2137495
2137496
2137497
2137498
2137499
2137500
2137501
2137502
2137503
2137504
2137505
2137506
2137507
2137508
2137509
2137510
2137511
2137512
2137513
2137514
2137515
2137516
2137517
2137518
2137519
2137520
2137521
2137522
2137523
2137524
2137525
2137526
2137527
2137528
2137529
2137530
2137531
2137532
2137533
2137534
2137535
2137536
2137537
2137538
2137539
2137540
2137541
2137542
2137543
2137544
2137545
2137546
2137547
2137548
2137549
2137550
2137551
2137552
2137553
2137554
2137555
2137556
2137557
2137558
2137559
2137560
2137561
2137562
2137563
2137564
2137565
2137566
2137567
2137568
2137569
2137570
2137571
2137572
2137573
2137574
2137575
2137576
2137577
2137578
2137579
2137580
2137581
2137582
2137583
2137584
2137585
2137586
2137587
2137588
2137589
2137590
2137591
2137592
2137593
2137594
2137595
2137596
2137597
2137598
2137599
2137600
2137601
2137602
2137603
2137604
2137605
2137606
2137607
2137608
2137609
2137610
2137611
2137612
2137613
2137614
2137615
2137616
2137617
2137618
2137619
2137620
2137621
2137622
2137623
2137624
2137625
2137626
2137627
2137628
2137629
2137630
2137631
2137632
2137633
2137634
2137635
2137636
2137637
2137638
2137639
2137640
2137641
2137642
2137643
2137644
2137645
2137646
2137647
2137648
2137649
2137650
2137651
2137652
2137653
2137654
2137655
2137656
2137657
2137658
2137659
2137660
2137661
2137662
2137663
2137664
2137665
2137666
2137667
2137668
2137669
2137670
2137671
2137672
2137673
2137674
2137675
2137676
2137677
2137678
2137679
2137680
2137681
2137682
2137683
2137684
2137685
2137686
2137687
2137688
2137689
2137690
2137691
2137692
2137693
2137694
2137695
2137696
2137697
2137698
2137699
2137700
2137701
2137702
2137703
2137704
2137705
2137706
2137707
2137708
2137709
2137710
2137711
2137712
2137713
2137714
2137727
2137728
2137729
2137730
2137731
2137732
2137733
2137734
2137735
2137736
2137737
2137738
2137739
2137740
2137741
2137742
2137744
2137745
2137746
2137747
2137748
2137749
2137750
2137751
2137752
2137753
2137754
2137755
2137756
2137757
2137760
2137761
2137762
2137763
2137764
2137765
2137766
2137767
2137768
2137769
2137770
2137771
2137772
2137773
2137774
2137775
2137776
2137777
2137778
2137779
2137780
2137781
2137782
2137783
2137784
2137785
2137786
2137787
2137788
2137789
2137790
2137791
2137792
2137793
2137794
2137795
2137796
2137797
2137798
2137799
2137800
2137801
2137802
2137803
2137804
2137805
2137806
2137807
2137808
2137809
2137810
2137811
2137812
2137813
2137814
2137815
2137816
2137817
2137818
2137819
2137820
2137821
2137822
2137823
2137824
2137825
2137826
2137827
2137828
2137829
2137830
2137831
2137832
2137833
2137834
2137835
2137836
2137837
2137838
2137839
2137840
2137841
2137842
2137843
2137844
2137845
2137846
2137847
2137848
2137849
2137850
2137851
2137852
2137853
2137854
2137855
2137856
2137857
2137858
2137859
2137860
2137861
2137862
2137863
2137864
2137865
2137866
2137867
2137868
2137869
2137870
2137871
2137872
2137873
2137874
2137875
2137876
2137877
2137878
2137879
2137880
2137881
2137882
2137883
2137884
2137885
2137886
2137887
2137888
2137889
2137890
2137891
2137892
2137893
2137894
2137895
2137896
2137897
2137898
2137899
2137900
2137901
2137902
2137903
2137904
2137905
2137906
2137907
2137908
2137909
2137910
2137911
2137912
2137913
2137914
2137915
2137916
2137917
2137918
2137919
2137920
2137921
2137922
2137923
2137924
2137925
2137926
2137927
2137928
2137929
2137930
2137931
2137932
2137933
2137934
2137935
2137936
2137937
2137938
2137939
2137940
2137941
2137942
2137943
2137944
2137945
2137946
2137947
2137948
2137949
2137950
2137951
2137952
2137953
2137954
2137955
2137956
2137957
2137958
2137959
2137960
2137961
2137962
2137963
2137964
2137965
2137966
2137967
2137968
2137969
2137970
2137971
2137972
2137973
2137974
2137975
2137976
2137977
2137978
2137979
2137980
2137981
2137982
2137983
2137984
2137985
2137986
2137987
2137988
2137989
2137990
2137991
2137992
2137993
2137994
2137995
2137996
2137997
2137998
2137999
2138000
2138001
2138002
2138003
2138004
2138005
2138006
2138007
2138008
2138009
2138010
2138011
2138012
2138013
2138014
2138015
2138016
2138017
2138018
2138019
2138020
2138021
2138022
2138023
2138024
2138025
2138036
2138037
2138038
2138039
2138040
2138041
2138042
2138043
2138044
2138045
2138046
2138047
2138048
2138049
2138050
2138051
2138052
2138053
2138054
2138055
2138056
2138057
2138060
2138061
2138064
2138065
2138067
2138068
2138070
2138071
2138072
2138073
2138074
2138075
2138076
2138077
2138078
2138079
2138080
2138081
2138082
2138083
2138084
2138085
2138086
2138087
2138088
2138089
2138090
2138091
2138092
2138093
2138094
2138095
2138096
2138097
2138098
2138099
2138100
2138101
2138102
2138103
2138104
2138105
2138106
2138107
2138108
2138109
2138110
2138111
2138112
2138113
2138114
2138115
2138116
2138117
2138118
2138119
2138120
2138121
2138122
2138123
2138124
2138125
2138126
2138127
2138128
2138129
2138130
2138131
2138132
2138133
2138134
2138135
2138136
2138137
2138138
2138139
2138140
2138141
2138142
2138143
2138144
2138145
2138146
2138147
2138148
2138149
2138150
2138151
2138152
2138153
2138154
2138155
2138156
2138157
2138158
2138159
2138160
2138161
2138162
2138163
2138164
2138165
2138166
2138167
2138168
2138169
2138170
2138171
2138172
2138173
2138174
2138175
2138176
2138177
2138178
2138179
2138180
2138181
2138182
2138183
2138184
2138185
2138186
2138187
2138188
2138189
2138190
2138191
2138192
2138193
2138194
2138195
2138196
2138197
2138198
2138199
2138200
2138201
2138202
2138203
2138204
2138205
2138206
2138207
2138208
2138209
2138210
2138211
2138212
2138213
2138214
2138215
2138216
2138217
2138218
2138219
2138220
2138221
2138222
2138223
2138224
2138225
2138226
2138227
2138228
2138229
2138230
2138231
2138232
2138233
2138234
2138235
2138236
2138237
2138238
2138239
2138240
2138241
2138242
2138243
2138244
2138245
2138246
2138247
2138248
2138249
2138250
2138251
2138252
2138253
2138254
2138255
2138256
2138257
2138258
2138259
2138260
2138261
2138262
2138263
2138264
2138265
2138266
2138267
2138268
2138269
2138270
2138271
2138272
2138273
2138274
2138275
2138276
2138277
2138278
2138279
2138280
2138281
2138282
2138283
2138284
2138285
2138286
2138287
2138288
2138289
2138290
2138291
2138292
2138293
2138294
2138295
2138296
2138297
2138298
2138299
2138300
2138301
2138302
2138303
2138304
2138305
2138306
2138307
2138308
2138309
2138310
2138311
2138312
2138313
2138314
2138315
2138316
2138317
2138318
2138319
2138320
2138321
2138322
2138323
2138324
2138325
2138326
2138327
2138328
2138329
2138330
2138331
2138332
2138333
2138334
2138335
2138336
2138337
2138338
2138339
2138340
2138341
2138342
2138343
2138344
2138345
2138352
2138353
2138354
2138355
2138356
2138357
2138358
2138359
2138360
2138361
2138363
2138364
2138366
2138367
2138368
2138369
2138370
2138371
2138372
2138373
2138374
2138375
2138376
2138377
2138385
2138386
2138387
2138388
2138389
2138390
2138391
2138392
2138393
2138394
2138395
2138396
2138397
2138398
2138399
2138400
2138401
2138402
2138403
2138404
2138405
2138406
2138407
2138408
2138409
2138410
2138411
2138412
2138413
2138414
2138415
2138416
2138417
2138418
2138419
2138420
2138421
2138422
2138423
2138424
2138425
2138426
2138427
2138428
2138429
2138430
2138431
2138432
2138433
2138434
2138435
2138436
2138437
2138438
2138439
2138440
2138441
2138442
2138443
2138444
2138445
2138446
2138447
2138448
2138449
2138450
2138451
2138452
2138453
2138454
2138455
2138456
2138457
2138458
2138459
2138460
2138461
2138462
2138463
2138464
2138465
2138466
2138467
2138468
2138469
2138470
2138471
2138472
2138473
2138474
2138475
2138476
2138477
2138478
2138479
2138480
2138481
2138482
2138483
2138484
2138485
2138486
2138487
2138488
2138489
2138490
2138491
2138492
2138493
2138494
2138495
2138496
2138497
2138498
2138499
2138500
2138501
2138502
2138503
2138504
2138505
2138506
2138507
2138508
2138509
2138510
2138511
2138512
2138513
2138514
2138515
2138516
2138517
2138518
2138519
2138520
2138521
2138522
2138523
2138524
2138525
2138526
2138527
2138528
2138529
2138530
2138531
2138532
2138533
2138534
2138535
2138536
2138537
2138538
2138539
2138540
2138541
2138542
2138543
2138544
2138545
2138546
2138547
2138548
2138549
2138550
2138551
2138552
2138553
2138554
2138555
2138556
2138557
2138558
2138559
2138560
2138561
2138562
2138563
2138564
2138565
2138566
2138567
2138568
2138569
2138570
2138571
2138572
2138573
2138574
2138575
2138576
2138577
2138578
2138579
2138580
2138581
2138582
2138583
2138584
2138585
2138586
2138587
2138588
2138589
2138590
2138591
2138592
2138593
2138594
2138595
2138596
2138597
2138598
2138599
2138600
2138601
2138602
2138603
2138604
2138605
2138606
2138607
2138608
2138609
2138610
2138611
2138612
2138613
2138614
2138615
2138616
2138617
2138618
2138619
2138620
2138621
2138622
2138623
2138624
2138625
2138626
2138627
2138628
2138629
2138630
2138631
2138632
2138633
2138634
2138635
2138636
2138637
2138638
2138639
2138640
2138641
2138642
2138643
2138644
2138645
2138646
2138647
2138648
2138649
2138650
2138651
2138652
2138653
2138654
2138655
2138656
2138670
2138671
2138672
2138673
2138674
2138675
2138676
2138677
2138679
2138680
2138681
2138682
2138683
2138684
2138685
2138686
2138694
2138695
2138696
2138698
2138699
2138700
2138701
2138702
2138703
2138704
2138705
2138706
2138707
2138708
2138709
2138710
2138711
2138712
2138713
2138714
2138715
2138716
2138717
2138718
2138719
2138720
2138721
2138722
2138723
2138724
2138725
2138726
2138727
2138728
2138729
2138730
2138731
2138732
2138733
2138734
2138735
2138736
2138737
2138738
2138739
2138740
2138741
2138742
2138743
2138744
2138745
2138746
2138747
2138748
2138749
2138750
2138751
2138752
2138753
2138754
2138755
2138756
2138757
2138758
2138759
2138760
2138761
2138762
2138763
2138764
2138765
2138766
2138767
2138768
2138769
2138770
2138771
2138772
2138773
2138774
2138775
2138776
2138777
2138778
2138779
2138780
2138781
2138782
2138783
2138784
2138785
2138786
2138787
2138788
2138789
2138790
2138791
2138792
2138793
2138794
2138795
2138796
2138797
2138798
2138799
2138800
2138801
2138802
2138803
2138804
2138805
2138806
2138807
2138808
2138809
2138810
2138811
2138812
2138813
2138814
2138815
2138816
2138817
2138818
2138819
2138820
2138821
2138822
2138823
2138824
2138825
2138826
2138827
2138828
2138829
2138830
2138831
2138832
2138833
2138834
2138835
2138836
2138837
2138838
2138839
2138840
2138841
2138842
2138843
2138844
2138845
2138846
2138847
2138848
2138849
2138850
2138851
2138852
2138853
2138854
2138855
2138856
2138857
2138858
2138859
2138860
2138861
2138862
2138863
2138864
2138865
2138866
2138867
2138868
2138869
2138870
2138871
2138872
2138873
2138874
2138875
2138876
2138877
2138878
2138879
2138880
2138881
2138882
2138883
2138884
2138885
2138886
2138887
2138888
2138889
2138890
2138891
2138892
2138893
2138894
2138895
2138896
2138897
2138898
2138899
2138900
2138901
2138902
2138903
2138904
2138905
2138906
2138907
2138908
2138909
2138910
2138911
2138912
2138913
2138914
2138915
2138916
2138917
2138918
2138919
2138920
2138921
2138922
2138924
2138925
2138926
2138927
2138928
2138929
2138930
2138931
2138932
2138933
2138934
2138935
2138936
2138937
2138938
2138939
2138940
2138941
2138942
2138943
2138944
2138945
2138946
2138947
2138948
2138949
2138950
2138951
2138952
2138953
2138954
2138955
2138959
2138960
2138961
2138962
2138972
2138973
2138974
2138975
2138976
2138977
2138978
2138979
2138980
2138981
2138982
2138983
2138984
2138985
2138986
2138987
2138988
2138989
2138990
2138991
2138992
2138993
2138994
2138995
2138996
2138997
2138998
2138999
2139000
2139001
2139002
2139003
2139004
2139005
2139006
2139007
2139008
2139009
2139010
2139011
2139012
2139013
2139014
2139015
2139016
2139017
2139018
2139019
2139020
2139021
2139022
2139023
2139024
2139025
2139026
2139027
2139028
2139029
2139030
2139031
2139032
2139033
2139034
2139035
2139036
2139037
2139038
2139039
2139040
2139041
2139042
2139043
2139044
2139045
2139046
2139047
2139048
2139049
2139050
2139051
2139052
2139053
2139054
2139055
2139056
2139057
2139058
2139059
2139060
2139061
2139062
2139063
2139064
2139065
2139066
2139067
2139068
2139069
2139070
2139071
2139072
2139073
2139074
2139075
2139076
2139077
2139078
2139079
2139080
2139081
2139082
2139083
2139084
2139085
2139086
2139087
2139088
2139089
2139090
2139091
2139092
2139093
2139094
2139095
2139096
2139097
2139098
2139099
2139100
2139101
2139102
2139103
2139104
2139105
2139106
2139107
2139108
2139109
2139110
2139111
2139112
2139113
2139114
2139115
2139116
2139117
2139118
2139119
2139120
2139121
2139122
2139123
2139124
2139125
2139126
2139127
2139128
2139129
2139130
2139131
2139132
2139133
2139134
2139135
2139136
2139137
2139138
2139139
2139140
2139142
2139143
2139144
2139145
2139146
2139147
2139148
2139149
2139150
2139151
2139152
2139153
2139154
2139155
2139156
2139157
2139158
2139159
2139160
2139161
2139162
2139163
2139164
2139165
2139166
2139167
2139168
2139169
2139170
2139171
2139172
2139173
2139194
2139195
2139196
2139197
2139198
2139199
2139200
2139201
2139202
2139211
2139212
2139213
2139214
2139227
2139228
2139229
2139230
2139231
2139232
2139233
2139234
2139235
2139236
2139237
2139238
2139239
2139240
2139241
2139242
2139254
2139255
2139256
2139257
2139258
2139259
2139260
2139261
2139262
2139263
2139264
2139265
2139266
2139267
2139268
2139269
2139270
2139271
2139272
2139273
2139274
2139275
2139277
2139278
2139286
2139287
2139288
2139289
2139290
2139291
2139292
2139293
2139294
2139295
2139296
2139297
2139298
2139299
2139300
2139301
2139302
2139303
2139305
2139306
2139308
2139309
2139310
2139311
2139325
2139326
2139327
2139328
2139329
2139330
2139331
2139332
2139333
2139334
2139335
2139336
2139337
2139338
2139339
2139340
2139345
2139346
2139347
2139348
2139661
2139662
2139663
2139664
2139666
2139667
2139668
2139669
2139670
2139671
2139672
2139673
2139675
2139676
2139677
2139678
2139680
2139681
2139682
2139683
2139685
2139686
2139687
2139688
2139690
2139691
2139692
2139693
2139694
2139695
2139701
2139702
2139703
2139704
2139705
2139707
2139708
2139709
2139710
2139712
2139713
2139715
2139716
2139717
2139718
2139720
2139722
2139723
2139724
2139725
2139726
2139727
2139728
2139729
2139730
2139731
2139732
2139734
2139735
2139736
2139737
2139739
2139741
2139743
2139744
2139745
2139746
2139748
2139750
2139751
2139752
2139753
2139754
2139755
2139756
2139757
2139758
2139759
2139760
2139761
2139762
2139763
2139764
2139765
2139766
2139767
2139774
2139775
2139776
2139777
2139778
2139779
2139780
2139781
2139783
2139784
2139785
2139786
2139788
2139789
2139790
2139791
2139793
2139794
2139795
2139796
2139797
2139799
2139800
2139801
2139802
2139804
2139805
2139806
2139807
2139809
2139810
2139811
2139812
2139814
2139815
2139816
2139817
2139818
2139819
2139820
2139821
2139822
2139824
2139825
2139826
2139827
2139829
2139830
2139831
2139832
2139833
2139834
2139845
2139846
2139847
2139848
2139849
2139850
2139851
2139852
2139853
2139854
2139855
2139856
2139857
2139858
2139859
2139860
2139861
2139862
2139863
2139865
2139866
2139867
2139868
2139870
2139871
2139873
2139874
2139875
2139876
2139878
2139879
2139880
2139881
2139882
2139883
2139884
2139885
2139886
2139887
2139888
2139889
2139891
2139892
2139893
2139894
2139895
2139898
2139900
2139901
2139902
2139903
2139904
2139907
2139908
2139909
2139910
2139916
2139917
2139918
2139919
2139920
2139921
2139922
2139923
2139925
2139926
2139927
2139928
2139930
2139931
2139932
2139933
2139935
2139936
2139937
2139938
2139940
2139941
2139942
2139944
2139945
2139946
2139952
2139953
2139954
2139955
2140570
2140571
2140573
2140575
2140576
2140577
2140578
2140579
2140580
2140582
2140583
2140585
2140586
2140587
2140588
2140589
2140590
2140591
2140592
2140593
2140594
2140595
2140596
2140597
2140598
2140599
2140600
2140601
2140602
2140604
2140605
2140606
2140607
2140608
2140610
2140611
2140612
2140613
2140615
2140616
2140617
2140618
2140619
2140621
2140622
2140623
2140624
2140625
2140626
2140627
2140628
2140629
2140630
2140631
2140632
2140633
2140640
2140641
2140642
2140643
2140644
2140656
2140657
2140659
2140661
2140662
2140663
2140664
2140665
2140666
2140668
2140669
2140670
2140671
2140672
2140673
2140674
2140675
2140676
2140677
2140690
2140691
2140693
2140695
2140696
2140697
2140698
2140699
2140700
2140702
2140703
2140704
2140705
2140706
2140707
2140708
2140709
2140710
2140711
2140716
2140717
2140719
2140721
2140722
2140723
2140724
2140725
2140726
2140728
2140729
2140731
2140732
2140733
2140734
2140735
2140736
2140744
2140745
2140746
2140747
2140748
2140749
2140750
2140751
2140752
2140753
2140754
2140755
2140756
2140757
2140758
2140759
2140761
2140762
2140763
2140764
2140765
2140767
2140768
2140769
2140770
2140771
2140772
2140773
2140774
2140775
2140776
2140777
2140778
2140779
2140780
2140782
2140783
2140784
2140785
2140786
2140788
2140789
2140790
2140791
2140793
2140794
2140795
2140796
2140797
2140799
2140800
2140801
2140802
2140803
2140804
2140805
2140806
2140807
2140808
2140809
2140810
2140811
2140813
2140814
2140815
2140816
2140817
2140819
2140820
2140821
2140822
2140823
2140824
2140825
2140826
2140827
2140828
2140829
2140830
2140838
2140839
2140840
2140841
2140842
2140851
2140852
2140853
2140854
2140867
2140868
2140870
2140872
2140873
2140874
2140875
2140876
2140877
2140879
2140880
2140881
2140882
2140883
2140884
2140885
2140886
2140887
2140888
2140899
2140900
2140902
2140904
2140905
2140906
2140907
2140908
2140909
2140911
2140912
2140913
2140914
2140915
2140916
2140917
2140918
2140919
2140920
2140925
2140926
2140928
2140930
2140931
2140932
2140933
2140934
2140935
2140937
2140938
2140947
2140948
2140949
2140950
2140951
2140952
2140953
2140954
2140955
2140956
2140957
2140958
2140959
2140960
2140961
2140962
2140963
2140964
2140966
2140967
2140968
2140969
2140970
2140972
2140973
2140974
2140975
2140977
2140978
2140979
2140980
2140981
2140983
2140984
2140985
2140986
2140987
2140988
2140989
2140990
2140991
2140992
2140993
2140994
2140995
2141003
2141004
2141005
2141006
2141007
2141008
2141009
2141019
2141020
2141022
2141024
2141025
2141026
2141027
2141028
2141029
2141031
2141032
2141148
2141149
2141150
2141151
2141154
2141155
2141156
2141157
2141167
2141168
2141169
2141170
2141176
2141177
2141178
2141179
2141180
2141181
2141182
2141183
2141184
2141185
2141186
2141187
2141194
2141195
2141196
2141197
2141198
2141199
2141200
2141201
2141206
2141207
2141208
2141209
2141219
2141220
2141221
2141222
2141223
2141224
2141225
2141226
2141231
2141232
2141233
2141234
2141334
2141335
2141336
2141338
2141340
2141342
2141343
2141344
2141346
2141348
2141349
2141350
2141352
2141353
2141354
2141356
2141357
2141358
2141360
2141362
2141363
2141364
2141366
2141368
2141369
2141370
2141372
2141374
2141375
2141376
2141378
2141380
2141381
2141382
2141384
2141386
2141387
2141388
2141390
2141392
2141393
2141394
2141396
2141397
2141398
2141400
2141402
2141403
2141404
2141406
2141407
2141408
2141410
2141412
2141413
2141414
2141415
2141417
2141418
2141419
2141421
2141423
2141424
2141425
2141427
2141429
2141430
2141431
2141835
2141836
2141837
2141838
2141839
2141840
2141841
2141842
2141843
2141844
2141845
2141846
2141847
2141848
2141849
2141850
2141851
2141852
2141853
2141854
2141858
2141859
2141860
2141861
2141862
2141863
2141864
2141865
2141866
2141867
2141871
2141872
2141873
2141874
2141875
2141876
2141877
2141878
2141879
2141880
2141891
2141892
2141893
2141894
2141895
2141898
2141899
2141900
2141901
2141904
2141905
2141906
2141907
2141908
2141909
2141910
2141911
2141912
2141915
2141916
2141917
2141918
2141921
2141922
2141923
2141924
2141930
2141931
2141932
2141933
2141934
2141937
2141938
2141939
2141940
2141943
2141944
2141945
2141946
2141947
2141948
2141949
2141950
2141951
2141954
2141955
2141956
2141957
2141960
2141961
2141962
2141963
2141968
2141969
2141970
2141971
2141972
2141973
2141974
2141975
2141976
2141981
2141982
2141983
2141984
2141985
2141986
2141987
2141988
2141989
2141990
2141991
2141992
2141993
2141994
2141995
2141996
2141997
2141998
2141999
2142003
2142004
2142005
2142006
2142007
2142008
2142009
2142010
2142011
2142012
2142016
2142017
2142018
2142019
2142020
2142021
2142022
2142023
2142024
2142025
2142029
2142030
2142031
2142032
2142033
2142034
2142035
2142036
2142037
2142038
2142042
2142044
2142045
2142046
2142047
2142048
2142049
2142050
2142051
2142052
2142053
2142054
2142055
2142056
2142057
2142058
2142059
2142060
2142061
2142062
2142068
2142069
2142070
2142071
2142072
2142075
2142076
2142077
2142078
2142081
2142082
2142083
2142084
2142085
2142086
2142087
2142088
2142089
2142092
2142093
2142094
2142095
2142098
2142099
2142100
2142101
2142112
2142113
2142114
2142115
2142116
2142119
2142120
2142121
2142122
2142125
2142126
2142127
2142128
2142129
2142130
2142131
2142132
2142133
2142136
2142137
2142138
2142139
2142142
2142143
2142144
2142145
2142149
2142151
2142152
2142153
2142154
2142155
2142156
2142157
2142158
2142159
2142163
2142164
2142165
2142166
2142167
2142168
2142169
2142170
2142171
2142172
2142176
2142177
2142178
2142179
2142180
2142181
2142182
2142183
2142184
2142185
2142186
2142187
2142188
2142189
2142190
2142191
2142192
2142193
2142194
2142195
2142810
2142811
2142812
2142813
2142814
2142815
2142817
2142819
2142820
2142821
2142822
2142823
2142826
2142827
2142828
2142829
2142830
2142832
2142834
2142835
2142836
2142837
2142838
2142840
2142841
2142843
2142844
2142845
2142847
2142848
2142849
2142850
2142853
2142855
2142856
2142858
2142859
2142861
2142862
2142863
2142865
2142866
2142867
2142868
2142871
2142873
2142874
2142876
2142877
2142879
2142880
2142881
2142882
2142883
2142885
2142886
2142888
2142890
2142891
2142892
2142893
2142894
2142897
2142898
2142899
2142900
2142901
2142903
2142904
2142905
2142906
2142907
2142908
2142909
2142910
2142911
2142912
2142913
2142914
2142915
2142916
2142919
2142922
2142923
2142926
2142927
2142930
2142931
2142932
2142933
2142934
2142935
2142936
2142937
2142938
2142941
2142944
2142945
2142949
2142951
2142952
2142953
2142954
2142955
2142956
2142958
2142959
2142960
2142961
2142962
2142963
2142964
2142965
2142966
2142967
2142968
2142969
2142970
2142971
2142974
2142977
2142980
2142983
2142984
2142985
2142986
2142987
2142988
2142989
2142990
2142993
2142996
2142997
2143000
2143001
2143005
2143006
2143007
2143008
2143009
2143010
2143011
2143013
2143014
2143015
2143016
2143017
2143018
2143020
2143021
2143022
2143023
2143024
2143025
2143026
2143027
2143028
2143029
2143030
2143031
2143033
2143035
2143036
2143037
2143038
2143039
2143042
2143043
2143044
2143045
2143046
2143048
2143050
2143052
2143053
2143054
2143055
2143056
2143059
2143060
2143062
2143063
2143064
2143066
2143068
2143069
2143070
2143071
2143072
2143074
2143075
2143077
2143078
2143079
2143081
2143082
2143083
2143084
2143087
2143089
2143090
2143092
2143093
2143094
2143095
2143097
2143098
2143099
2143101
2143102
2143104
2143105
2143106
2143108
2143109
2143110
2143111
2143114
2143116
2143117
2143119
2143120
2143122
2143123
2143124
2143126
2143127
2143128
2143129
2143132
2143134
2143135
2143137
2143138
2143140
2143141
2143142
2143143
2143144
2143146
2143147
2143149
2143150
2143151
2143153
2143154
2143155
2143156
2143159
2143161
2143162
2143164
2143165
2143167
2143168
2143169
2143170
2143171
2143173
2143174
2143176
2143178
2143179
2143180
2143181
2143182
2143185
2143186
2143187
2143188
2143189
2143191
2143193
2143194
2143196
2143197
2143198
2143199
2143202
2143203
2143204
2143205
2143206
2143208
2143209
2143210
2143211
2143212
2143213
2143214
2143216
2143217
2143218
2143219
2143220
2143221
2143223
2143224
2143225
2143226
2143227
2143228
2143229
2143230
2143231
2143232
2143233
2143234
2143235
2143236
2143237
2143238
2143239
2143240
2143241
2143242
2143243
2143246
2143249
2143250
2143254
2143255
2143256
2143257
2143258
2143259
2143260
2143261
2143262
2143263
2143266
2143267
2143270
2143273
2143275
2143276
2143277
2143278
2143279
2143280
2143282
2143283
2143284
2143285
2143286
2143287
2143288
2143289
2143290
2143291
2143292
2143293
2143294
2143296
2143298
2143300
2143303
2143307
2143308
2143309
2143310
2143311
2143312
2143313
2143314
2143316
2143318
2143322
2143323
2143326
2143327
2143328
2143329
2143330
2143331
2143332
2143334
2143336
2143337
2143338
2143339
2143340
2143343
2143344
2143346
2143347
2143348
2143350
2143351
2143352
2143354
2143355
2143356
2143358
2143359
2143361
2143362
2143363
2143365
2143366
2143367
2143368
2143371
2143373
2143374
2143376
2143377
2143379
2143380
2143381
2143383
2143384
2143385
2143386
2143389
2143391
2143392
2143394
2143395
2143397
2143398
2143399
2143400
2143401
2143403
2143404
2143406
2143407
2143409
2143410
2143411
2143412
2143415
2143416
2143417
2143418
2143419
2143421
2143422
2143423
2143424
2143425
2143426
2143427
2143677
2143678
2143680
2143683
2143684
2143685
2143686
2143687
2143688
2143690
2143691
2143692
2143694
2143695
2143696
2143697
2143698
2143699
2143700
2143702
2143703
2143704
2143705
2143707
2143709
2143710
2143711
2143712
2143713
2143714
2143715
2143717
2143718
2143719
2143720
2143722
2143723
2143724
2143726
2143729
2143730
2143731
2143732
2143733
2143734
2143737
2143738
2143739
2143740
2143742
2143745
2143746
2143747
2143748
2143749
2143750
2143753
2143754
2143755
2143756
2143757
2143759
2143762
2143763
2143764
2143765
2143766
2143767
2143769
2143770
2143771
2143772
2143774
2143775
2143776
2143777
2143778
2143779
2143780
2143782
2143783
2143784
2143785
2143787
2143789
2143790
2143791
2143792
2143793
2143794
2143795
2143797
2143798
2143799
2143800
2143801
2143803
2143804
2143805
2143806
2143807
2143808
2143809
2143811
2143812
2143813
2143814
2143815
2143817
2143818
2143819
2143820
2143821
2143822
2143823
2143825
2143826
2143827
2143828
2143830
2143831
2143832
2143834
2143837
2143838
2143839
2143840
2143841
2143842
2143845
2143846
2143847
2143848
2143849
2143850
2143852
2143855
2143856
2143857
2143858
2143859
2143861
2143862
2143863
2143864
2143866
2143869
2143870
2143871
2143872
2143873
2143874
2143877
2143878
2143879
2143880
2143882
2143883
2143884
2143885
2143886
2143887
2143888
2143890
2143891
2143892
2143893
2143894
2143896
2143897
2143898
2143899
2143900
2143901
2143902
2143904
2143905
2143906
2143907
2143909
2143910
2143911
2143913
2143916
2143917
2143918
2143919
2143920
2143922
2143923
2143924
2143925
2144711
2144713
2144715
2144716
2144717
2144718
2144720
2144721
2144722
2144723
2144724
2144725
2144726
2144727
2144728
2144729
2144730
2144731
2144732
2144734
2144735
2144736
2144737
2144738
2144739
2144740
2144741
2144742
2144743
2144744
2144745
2144746
2144747
2144748
2144749
2144750
2144751
2144752
2144753
2144754
2144755
2144757
2144758
2144759
2144760
2144762
2144763
2144764
2144766
2144767
2144769
2144770
2144772
2144773
2144775
2144777
2144779
2144780
2144782
2144783
2144784
2144786
2144788
2144789
2144791
2144792
2144794
2144796
2144798
2144799
2144801
2144802
2144803
2144805
2144806
2144807
2144808
2144809
2144810
2144811
2144812
2144813
2144814
2144815
2144816
2144817
2144819
2144820
2144821
2144822
2144824
2144825
2144826
2144828
2144829
2144830
2144831
2144832
2144833
2144834
2144835
2144836
2144838
2144840
2144841
2144842
2144843
2144845
2144846
2144847
2144848
2144849
2144850
2144851
2144852
2144853
2144854
2144856
2144857
2144858
2144859
2144861
2144862
2144863
2144864
2144865
2144866
2144867
2144868
2144870
2144871
2144873
2144876
2144877
2144878
2144879
2144880
2144882
2144886
2144887
2144888
2144889
2144891
2144892
2144894
2144897
2144898
2144899
2144901
2144902
2144904
2144908
2144909
2144910
2144911
2144913
2144914
2144916
2144919
2144920
2144921
2144922
2144923
2144925
2144929
2144930
2144931
2144932
2144934
2144935
2144937
2144940
2144941
2144943
2144944
2144946
2144950
2144952
2144954
2144955
2144956
2144957
2144959
2144960
2144961
2144962
2144963
2144964
2144965
2144966
2144968
2144969
2144970
2144971
2144973
2144974
2144975
2144976
2144977
2144979
2144981
2144982
2144983
2144984
2144987
2144988
2144989
2144990
2144991
2144992
2144993
2144994
2144995
2144996
2144997
2144998
2144999
2145001
2145002
2145003
2145004
2145005
2145006
2145007
2145008
2145009
2145010
2145011
2145012
2145013
2145014
2145015
2145016
2145017
2145018
2145019
2145020
2145021
2145022
2145023
2145024
2145025
2145026
2145027
2145028
2145030
2145031
2145032
2145033
2145035
2145036
2145037
2145039
2145040
2145042
2145043
2145045
2145046
2145048
2145050
2145052
2145053
2145055
2145056
2145057
2145059
2145060
2145061
2145062
2145063
2145064
2145065
2145066
2145067
2145068
2145069
2145070
2145071
2145073
2145074
2145075
2145076
2145078
2145079
2145080
2145082
2145083
2145085
2145086
2145088
2145089
2145091
2145093
2145095
2145096
2145098
2145099
2145100
2145102
2145104
2145105
2145107
2145108
2145110
2145112
2145114
2145115
2145117
2145118
2145120
2145122
2145123
2145124
2145125
2145126
2145127
2145128
2145129
2145130
2145131
2145132
2145133
2145134
2145136
2145137
2145138
2145139
2145141
2145142
2145143
2145145
2145146
2145148
2145149
2145151
2145152
2145154
2145156
2145158
2145159
2145161
2145162
2145163
2145165
2145166
2145167
2145168
2145169
2145170
2145171
2145172
2145173
2145174
2145175
2145176
2145177
2145179
2145180
2145181
2145182
2145184
2145185
2145186
2145188
2145189
2145190
2145191
2145192
2145193
2145194
2145195
2145196
2145197
2145198
2145199
2145200
2145201
2145202
2145204
2145206
2145207
2145208
2145209
2145211
2145213
2145214
2145215
2145216
2145217
2145218
2145219
2145220
2145221
2145222
2145223
2145224
2145225
2145227
2145228
2145229
2145230
2145231
2145233
2145235
2145236
2145237
2145238
2145240
2145241
2145242
2145243
2145244
2145245
2145246
2145247
2145248
2145250
2145251
2145252
2145253
2145255
2145256
2145257
2145258
2145259
2145260
2145261
2145262
2145264
2145265
2145267
2145270
2145271
2145272
2145274
2145275
2145277
2145281
2145282
2145283
2145284
2145286
2145287
2145289
2145292
2145293
2145294
2145295
2145297
2145301
2145302
2145303
2145304
2145306
2145307
2145309
2145312
2145313
2145314
2145316
2145317
2145319
2145323
2145324
2145325
2145326
2145328
2145329
2145331
2145334
2145335
2145336
2145338
2145339
2145341
2145345
2145347
2145349
2145350
2145351
2145352
2145354
2145355
2145356
2145357
2145358
2145359
2145360
2145361
2145363
2145364
2145365
2145366
2145368
2145369
2145370
2145371
2145372
2145373
2145374
2145375
2145376
2145377
2145378
2145379
2145380
2145381
2145382
2145383
2145384
2145385
2145386
2145387
2145388
2145389
2145391
2145392
2145393
2145394
2145396
2145397
2145398
2145400
2145401
2145403
2145404
2145406
2145407
2145409
2145411
2145413
2145414
2145416
2145417
2145418
2145420
2145422
2145423
2145425
2145426
2145428
2145430
2145432
2145433
2145435
2145436
2145438
2145440
2145441
2145442
2145443
2145444
2145445
2145446
2145447
2145448
2145449
2145450
2145451
2145452
2145454
2145455
2145456
2145457
2145459
2145460
2145461
2145463
2145464
2145465
2145466
2145467
2145468
2145469
2145470
2145471
2145473
2145475
2145476
2145477
2145478
2145480
2145482
2145483
2145484
2145485
2145486
2145487
2145488
2145489
2145490
2145491
2145492
2145493
2145494
2145496
2145497
2145498
2145499
2145527
2145528
2145532
2145533
2145534
2145535
2145540
2145541
2145631
2145632
2145633
2145634
2145635
2145636
2145637
2145638
2145639
2145640
2145641
2145642
2145643
2145644
2145645
2145646
2145647
2145648
2145649
2145650
2145651
2145652
2145653
2145654
2145655
2145656
2145657
2145658
2145659
2145660
2145661
2145662
2145663
2145664
2145665
2145666
2145667
2145668
2145669
2145670
2145671
2145672
2145673
2145674
2145675
2145676
2145677
2145678
2145679
2145680
2145681
2145682
2145683
2145684
2145685
2145686
2145687
2145688
2145689
2145690
2145691
2145692
2145693
2145694
2145695
2145696
2145697
2145698
2145699
2145700
2145701
2145702
2145703
2145704
2145705
2145706
2145707
2145708
2145709
2145710
2145887
2145889
2145890
2145892
2145894
2145895
2145898
2145900
2145901
2145903
2145904
2145906
2145908
2145910
2145911
2145913
2145915
2145916
2145917
2145919
2145920
2145922
2145924
2145925
2145927
2145929
2145930
2145931
2145932
2145933
2145934
2145935
2145936
2145938
2145939
2145941
2145943
2145944
2145947
2145948
2145949
2145951
2145952
2145954
2145956
2145957
2145960
2145961
2145963
2145965
2145967
2145968
2145970
2145972
2145973
2145975
2145976
2145978
2145980
2145982
2145983
2145985
2145987
2145989
2145990
2145992
2145993
2145995
2145997
2145998
2146001
2146003
2146004
2146005
2146006
2146008
2146009
2146011
2146013
2146014
2146016
2146017
2146018
2146019
2146020
2146021
2146022
2146023
2146024
2146026
2146027
2146029
2146031
2146032
2146035
2146036
2146038
2146040
2146041
2146043
2146044
2146046
2146048
2146050
2146051
2146052
2146053
2146054
2146055
2146057
2146058
2146060
2146062
2146063
2146181
2146183
2146184
2146185
2146186
2146187
2146190
2146191
2146192
2146193
2146194
2146195
2146198
2146199
2146200
2146201
2146203
2146205
2146206
2146208
2146209
2146210
2146212
2146215
2146216
2146217
2146219
2146221
2146222
2146223
2146224
2146225
2146226
2146227
2146229
2146230
2146231
2146232
2146233
2146234
2146236
2146237
2146238
2146239
2146240
2146243
2146244
2146245
2146246
2146247
2146248
2146251
2146252
2146253
2146254
2146256
2146258
2146259
2146260
2146261
2146263
2146265
2146266
2146267
2146268
2146270
2146272
2146273
2146274
2146275
2146276
2146277
2146278
2146280
2146281
2146282
2146283
2146284
2146286
2146287
2146288
2146289
2146291
2146293
2146294
2146295
2146296
2146297
2146585
2146586
2146587
2146589
2146591
2146592
2146593
2146595
2146598
2146599
2146601
2146602
2146603
2146604
2146606
2146607
2146609
2146610
2146611
2146612
2146613
2146615
2146616
2146617
2146619
2146620
2146621
2146622
2146624
2146626
2146627
2146628
2146630
2146633
2146634
2146636
2146637
2146639
2146640
2146642
2146643
2146645
2146646
2146647
2146648
2146649
2146651
2146652
2146653
2146655
2146656
2146657
2146658
2146660
2146662
2146663
2146664
2146666
2146669
2146670
2146672
2146673
2146674
2146675
2146677
2146678
2146680
2146681
2146682
2146683
2146684
2146686
2146687
2146688
2146690
2146691
2146692
2146693
2146695
2146697
2146698
2146699
2146701
2146704
2146705
2146707
2146708
2146710
2146711
2146712
2146713
2146715
2146716
2146717
2146718
2146719
2146721
2146722
2146723
2146725
2146726
2146727
2146728
2146730
2146732
2146733
2146734
2146736
2146739
2146740
2146742
2146743
2146744
2146745
2146747
2146748
2146750
2146751
2146752
2146753
2146754
2146756
2146757
2146758
2146760
2146761
2146762
2146763
2146765
2146766
2146767
2146769
2146771
2146774
2146775
2146777
2146778
2146780
2146781
2146782
2146783
2146785
2146786
2146787
2146788
2146789
2146791
2146792
2146793
2146795
2146796
2146797
2146798
2146800
2146802
2146803
2146804
2146806
2146809
2146810
2146812
2146813
2146815
2146816
2146817
2146818
2146820
2146821
2146822
2146823
2146824
2146826
2146827
2146828
2146831
2146832
2146833
2146834
2146835
2146837
2146838
2146839
2146841
2146843
2146846
2146847
2146849
2146850
2146852
2146853
2146854
2146855
2146857
2146858
2146859
2146860
2146861
2146863
2146864
2146865
2146867
2147256
2147257
2147260
2147261
2147262
2147263
2147264
2147265
2147266
2147267
2147268
2147269
2147270
2147271
2147273
2147276
2147277
2147278
2147279
2147280
2147282
2147283
2147284
2147286
2147287
2147288
2147289
2147290
2147291
2147292
2147294
2147295
2147296
2147297
2147298
2147301
2147302
2147303
2147304
2147305
2147306
2147308
2147309
2147310
2147312
2147313
2147314
2147315
2147316
2147317
2147318
2147320
2147321
2147322
2147323
2147324
2147327
2147328
2147329
2147330
2147331
2147332
2147333
2147334
2147335
2147338
2147339
2147340
2147342
2147343
2147344
2147345
2147346
2147347
2147348
2147352
2147353
2147354
2147355
2147356
2147357
2147360
2147361
2147362
2147363
2147364
2147365
2147366
2147367
2147368
2147369
2147370
2147373
2147374
2147375
2147376
2147377
2147378
2147381
2147382
2147383
2147384
2147385
2147386
2147387
2147388
2147389
2147390
2147391
2147392
2147395
2147396
2147397
2147398
2147400
2147402
2147403
2147404
2147406
2147407
2147408
2147409
2147410
2147411
2147412
2147414
2147415
2147416
2147417
2147418
2147421
2147422
2147423
2147424
2147425
2147426
2147428
2147429
2147430
2147432
2147433
2147434
2147435
2147436
2147437
2147438
2147440
2147441
2147442
2147443
2147444
2147447
2147448
2147449
2147450
2147451
2147452
2147453
2147455
2147456
2147457
2147459
2147460
2147461
2147462
2147463
2147464
2147466
2147467
2147468
2147469
2147470
2147473
2147474
2147475
2147476
2147477
2147479
2147480
2147481
2147483
2147484
2147485
2147486
2147487
2147488
2147490
2147491
2147492
2147493
2147494
2147497
2147498
2147499
2147500
2147501
2147502
2147503
2147504
2147507
2147508
2147509
2147510
2147511
2147512
2147513
2147514
2147515
2147516
2147517
2147518
2147521
2147522
2147523
2147524
2147525
2147526
2147527
2147530
2147531
2147532
2147533
2147535
2147536
2147537
2147538
2147539
2147540
2147544
2147545
2147546
2147547
2147548
2147549
2147552
2147553
2147554
2147555
2147556
2147557
2147558
2147559
2147560
2147561
2147562
2147563
2147567
2147568
2147569
2147570
2147572
2147573
2147574
2147576
2147577
2147579
2147580
2147581
2147582
2147584
2147585
2147586
2147587
2147588
2147591
2147592
2147593
2147594
2147595
2147596
2147598
2147599
2147600
2147602
2147603
2147604
2147606
2147607
2147608
2147609
2147611
2147612
2147613
2147614
2147615
2147618
2147619
2147620
2147621
2147622
2147623
2147624
2147627
2147628
2147629
2147630
2147631
2147632
2147633
2147634
2147635
2147636
2147637
2147638
2147641
2147642
2147643
2147644
2147661
2147662
2147665
2147666
2147669
2147670
2147673
2147674
2147709
2147710
2147713
2147714
2147717
2147718
2147721
2147722
2147725
2147726
2147729
2147730
2147733
2147734
2147737
2147738
2147795
2147796
2147797
2147798
2147800
2147801
2147802
2147803
2147814
2147815
2147816
2147817
2147818
2147819
2147820
2147821
2147823
2147824
2147825
2147826
2147827
2147828
2147829
2147830
2147839
2147840
2147841
2147842
2147845
2147846
2147847
2147848
2147913
2147914
2147915
2147916
2147917
2147918
2147919
2147920
2147921
2147922
2147923
2147924
2147925
2147926
2147927
2147928
2147929
2147930
2147931
2147932
2147933
2147934
2147935
2147936
2147937
2147938
2147939
2147940
2147941
2147942
2147943
2147944
2147945
2147946
2147947
2147948
2147949
2147950
2147951
2147952
2147953
2147954
2147955
2147956
2147957
2147958
2147959
2147960
2147961
2147962
2147963
2147964
2147965
2147966
2147967
2147968
2147969
2147970
2147971
2147972
2147973
2147974
2147975
2147976
2148334
2148335
2148336
2148337
2148339
2148340
2148341
2148342
2148343
2148344
2148345
2148346
2148347
2148348
2148349
2148350
2148351
2148352
2148353
2148354
2148355
2148356
2148357
2148358
2148359
2148360
2148361
2148362
2148363
2148364
2148365
2148366
2148367
2148368
2148369
2148370
2148371
2148372
2148373
2148374
2148375
2148376
2148377
2148378
2148379
2148380
2148381
2148382
2148383
2148384
2148385
2148386
2148387
2148388
2148389
2148390
2148391
2148392
2148394
2148395
2148396
2148397
2148398
2148399
2148400
2148401
2148402
2148403
2148404
2148405
2148406
2148407
2148408
2148409
2148410
2148411
2148412
2148413
2148414
2148415
2148416
2148417
2148419
2148420
2148421
2148422
2148423
2148424
2148425
2148426
2148427
2148428
2148429
2148430
2148431
2148432
2148433
2148434
2148436
2148437
2148438
2148439
2148440
2148441
2148442
2148443
2148444
2148445
2148446
2148447
2148448
2148449
2148450
2148451
2148452
2148453
2148454
2148455
2148456
2148457
2148458
2148459
2148460
2148461
2148462
2148463
2148464
2148465
2148466
2148467
2148468
2148469
2148470
2148471
2148472
2148473
2148474
2148475
2148476
2148477
2148478
2148479
2148480
2148481
2148482
2148483
2148484
2148485
2148486
2148487
2148488
2148489
2148490
2148491
2148492
2148493
2148494
2148495
2148496
2148497
2148498
2148499
2148500
2148501
2148502
2148503
2148504
2148505
2148506
2148507
2148508
2148509
2148510
2148511
2148512
2148513
2148514
2148515
2148516
2148517
2148518
2148519
2148520
2148521
2148522
2148523
2148524
2148525
2148526
2148527
2148528
2148529
2148530
2148531
2148532
2148533
2148534
2148535
2148536
2148537
2148538
2148540
2148541
2148542
2148543
2148544
2148545
2148546
2148547
2148548
2148549
2148550
2148551
2148552
2148554
2148555
2148556
2148557
2148558
2148559
2148560
2148561
2148562
2148563
2148564
2148565
2148567
2148568
2148569
2148570
2148573
2148574
2148575
2148576
2148577
2148578
2148579
2148580
2148581
2148582
2148583
2148584
2148585
2148586
2148587
2148588
2148589
2148590
2148591
2148592
2148593
2148594
2148595
2148596
2148598
2148599
2148600
2148601
2148602
2148603
2148604
2148605
2148606
2148607
2148608
2148609
2148610
2148611
2148612
2148613
2148614
2148615
2148616
2148617
2148618
2148619
2148620
2148621
2148622
2148623
2148624
2148625
2148626
2148627
2148628
2148629
2148630
2148631
2148632
2148633
2148634
2148635
2148636
2148637
2148638
2148639
2148640
2148641
2148642
2148643
2148644
2148645
2148646
2148647
2148648
2148649
2148650
2148651
2148652
2148653
2148655
2148656
2148657
2148658
2148659
2148660
2148661
2148662
2148663
2148664
2148665
2148666
2148667
2148669
2148670
2148671
2148672
2148808
2148809
2148811
2148812
2148813
2148814
2148815
2148816
2148817
2148818
2148819
2148820
2148821
2148822
2148823
2148824
2148825
2148826
2148827
2148828
2148829
2148831
2148832
2148833
2148834
2148835
2148836
2148837
2148838
2148839
2148840
2148841
2148842
2148843
2148844
2148845
2148846
2148847
2148848
2148850
2148851
2148852
2148853
2148854
2148855
2148856
2148857
2148858
2148859
2148860
2148861
2148864
2148865
2148866
2148867
2148868
2148869
2148870
2148871
2148872
2148873
2148874
2148875
2148876
2148877
2148878
2148879
2148880
2148881
2148882
2148883
2148884
2148885
2148886
2148887
2148888
2148889
2148890
2148891
2148892
2148893
2148894
2148896
2148897
2148898
2148899
2148900
2148901
2148902
2148903
2148904
2148905
2148906
2148907
2148908
2148909
2148910
2148911
2148912
2148913
2148916
2148917
2148918
2148919
2148920
2148921
2148922
2148923
2148924
2148925
2148926
2148927
2148928
2148929
2148930
2148931
2148932
2148933
2148934
2148935
2148936
2148937
2148938
2148999
2149000
2149001
2149002
2149003
2149004
2149005
2149006
2149007
2149008
2149009
2149010
2149013
2149015
2149017
2149018
2149019
2149020
2149021
2149022
2149023
2149024
2149025
2149026
2149027
2149028
2149029
2149030
2149031
2149032
2149033
2149034
2149035
2149036
2149037
2149038
2149039
2149040
2149043
2149046
2149047
2149048
2149049
2149050
2149051
2149052
2149053
2149054
2149055
2149056
2149057
2149058
2149107
2149108
2149109
2149110
2149111
2149112
2149113
2149114
2149115
2149116
2149117
2149118
2149119
2149120
2149121
2149122
2149123
2149124
2149125
2149126
2149127
2149128
2149129
2149130
2149131
2149132
2149133
2149134
2149135
2149136
2149137
2149138
2149139
2149140
2149141
2149142
2149143
2149144
2149145
2149146
2149147
2149148
2149149
2149150
2149151
2149152
2149153
2149154
2149203
2149204
2149205
2149206
2149207
2149208
2149209
2149210
2149211
2149212
2149213
2149214
2149215
2149216
2149217
2149218
2149219
2149220
2149221
2149222
2149223
2149224
2149225
2149226
2149227
2149228
2149229
2149230
2149231
2149232
2149233
2149234
2149235
2149236
2149237
2149238
2149239
2149240
2149241
2149242
2149243
2149244
2149245
2149246
2149247
2149248
2149249
2149250
2149299
2149300
2149301
2149302
2149303
2149304
2149305
2149306
2149307
2149308
2149309
2149310
2149311
2149312
2149313
2149314
2149315
2149316
2149317
2149318
2149319
2149320
2149321
2149322
2149323
2149324
2149325
2149326
2149327
2149328
2149329
2149330
2149331
2149332
2149333
2149334
2149335
2149336
2149337
2149338
2149339
2149340
2149341
2149342
2149343
2149344
2149345
2149346
2149481
2149482
2149483
2149484
2149485
2149486
2149487
2149488
2149489
2149490
2149491
2149492
2149494
2149495
2149496
2149497
2149498
2149499
2149500
2149501
2149502
2149503
2149504
2149506
2149507
2149508
2149509
2149510
2149511
2149512
2149513
2149514
2149515
2149516
2149517
2149518
2149519
2149520
2149521
2149522
2149523
2149524
2149525
2149526
2149527
2149528
2149529
2149530
2149531
2149532
2149533
2149534
2149535
2149536
2149537
2149538
2149539
2149540
2149541
2149542
2149543
2149544
2149545
2149546
2149547
2149548
2149549
2149550
2149552
2149553
2149554
2149555
2149556
2149557
2149558
2149559
2149560
2149561
2149562
2149563
2149565
2149566
2149567
2149568
2149569
2149570
2149571
2149572
2149573
2149575
2149576
2149577
2149578
2149579
2149580
2149581
2149582
2149583
2149584
2149585
2149586
2149587
2149588
2149589
2149590
2149591
2149592
2149593
2149594
2149595
2149596
2149597
2149598
2149599
2149600
2149601
2149602
2149603
2149604
2149605
2149606
2149607
2149608
2149609
2149610
2149611
2149612
2149613
2149614
2149615
2149638
2149643
2149647
2149652
2149780
2149783
2149784
2149785
2149788
2149789
2149790
2149793
2149794
2149795
2149798
2149799
2149800
2149801
2149802
2149803
2149806
2149807
2149808
2149811
2149812
2149813
2149816
2149817
2149818
2149821
2149822
2149823
2149824
2149825
2149891
2149892
2149893
2149894
2149895
2149896
2149897
2149898
2149899
2149900
2149901
2149902
2149903
2149904
2149905
2149906
2149907
2149908
2149909
2149910
2149911
2149912
2149913
2149914
2244246
2244247
2244248
2244249
2244250
2244251
2244252
2244253
2244254
2244255
2244256
2244265
2244266
2244267
2244268
2244269
2244270
2244271
2244272
2244273
2244274
2244280
2244281
2244290
2244291
2244292
2244293
2244294
2244295
2244296
2244297
2244310
2244311
2244312
2244313
2244314
2244315
2244316
2244317
2244318
2244319
2244320
2244343
2244344
2244345
2244346
2244347
2244348
2244349
2244350
2244351
2244352
2244353
2244354
2244355
2244356
2244357
2244358
2244359
2244360
2244361
2244362
2244363
2244364
2244365
2244366
2244367
2244368
2244369
2244370
2244371
2244372
2244373
2244374
2244375
2244376
2244377
2244378
2244379
2244380
2244381
2244382
2244383
2244384
2244385
2244386
2244387
2244388
2244389
2244390
2244391
2244392
2244393
2244394
2244395
2244396
2244397
2244398
2244399
2244400
2244401
2244402
2244403
2244404
2244405
2244406
2244407
2244408
2244409
2244410
2244411
2244412
2244413
2244414
2244415
2244416
2244417
2244418
2244419
2244420
2244421
2244422
2244423
2244424
2244425
2244426
2244427
2244428
2244429
2244430
2244431
2244432
2244433
2244434
2244435
2244436
2244437
2244443
2244444
2244445
2244469
2244470
2244471
2244472
2244473
2244474
2244475
2244476
2244477
2244478
2244479
2244480
2244481
2244482
2244483
2244484
2244485
2244486
2244487
2244488
2244489
2244490
2244491
2244492
2244493
2244494
2244495
2244496
2244497
2244498
2244499
2244500
2244501
2244502
2244503
2244504
2244505
2244506
2244507
2244508
2244509
2244510
2244511
2244512
2244513
2244514
2244515
2244516
2244517
2244518
2244519
2244520
2244521
2244522
2244523
2244524
2244525
2244526
2244527
2244528
2244529
2244530
2244531
2244532
2244533
2244534
2244535
2244536
2244537
2244538
2244539
2244540
2244541
2244542
2244543
2244544
2244545
2244546
2244547
2244548
2244549
2244550
2244551
2244552
2244553
2244554
2244555
2244556
2244557
2244558
2244559
2244560
2244561
2244562
2244563
2244564
2244565
2244566
2244567
2244568
2244569
2244570
2244571
2244572
2244573
2244574
2244575
2244576
2244577
2244578
2244579
2244580
2244581
2244582
2244583
2244584
2244585
2244586
2244587
2244588
2244589
2244590
2244591
2244592
2244607
2244608
2244609
2244610
2244611
2244612
2244613
2244614
2244615
2244616
2244617
2244618
2244619
2244620
2244621
2244622
2244623
2244624
2244625
2244626
2244627
2244628
2244629
2244630
2244631
2244632
2244633
2244634
2244635
2244636
2244637
2244638
2244639
2244640
2244641
2244642
2244643
2244644
2244645
2244646
2244647
2244648
2244649
2244650
2244651
2244652
2244653
2244654
2244655
2244656
2244657
2244658
2244659
2244660
2244661
2244662
2244663
2244664
2244665
2244666
2244667
2244668
2244669
2244670
2244671
2244672
2244673
2244674
2244675
2244676
2244677
2244678
2244679
2244680
2244681
2244682
2244683
2244684
2244685
2244686
2244687
2244688
2244689
2244690
2244691
2244692
2244693
2244694
2244695
2244696
2244697
2244698
2244699
2244700
2244701
2244702
2244703
2244704
2244705
2244706
2244707
2244708
2244709
2244710
2244711
2244712
2244713
2244714
2244715
2244716
2244717
2244718
2244719
2244720
2244721
2244722
2244723
2244724
2244725
2244726
2244727
2244728
2244729
2244730
2244731
2244732
2244733
2244734
2244735
2244736
2244737
2244738
2244739
2244740
2244741
2244742
2244743
2244744
2244745
2244763
2244764
2244765
2244766
2244767
2244768
2244769
2244770
2244771
2244772
2244773
2244791
2244792
2244793
2244794
2244795
2244796
2244797
2244798
2244799
2244800
2244801
2244802
2244803
2244804
2244805
2244806
2244807
2244808
2244809
2244810
2244811
2244812
2244813
2244814
2244815
2244816
2244817
2244818
2244819
2244820
2244821
2244822
2244823
2244824
2244825
2244826
2244827
2244828
2244829
2244830
2244831
2244832
2244833
2244834
2244835
2244836
2244837
2244838
2244839
2244840
2244841
2244842
2244843
2244844
2244845
2244846
2244847
2244848
2244849
2244850
2244851
2244852
2244853
2244854
2244855
2244856
2244857
2244858
2244859
2244860
2244861
2244862
2244863
2244864
2244865
2244866
2244867
2244868
2244869
2244870
2244871
2244872
2244873
2244874
2244875
2244876
2244877
2244878
2244879
2244880
2244881
2244882
2244883
2244884
2244885
2244886
2244887
2244888
2244889
2244890
2244891
2244892
2244893
2244894
2244895
2244896
2244897
2244898
2244899
2244900
2244901
2244902
2244903
2244904
2244905
2244906
2244907
2244908
2244909
2244910
2244911
2244912
2244913
2244914
2244915
2244916
2244917
2244918
2244919
2244920
2244921
2244922
2244923
2244924
2244925
2244926
2244927
2244928
2244934
2244935
2244936
2244937
2244946
2244947
2244948
2244949
2244950
2244951
2244959
2244960
2244961
2244962
2244963
2244964
2244973
2244974
2244975
2244976
2244977
2244978
2244979
2244980
2244981
2244982
2244983
2244984
2244985
2244986
2244987
2244988
2244989
2244990
2244991
2244992
2244993
2244994
2244995
2244996
2244997
2244998
2244999
2245000
2245001
2245002
2245003
2245004
2245005
2245006
2245007
2245008
2245009
2245010
2245011
2245012
2245013
2245014
2245015
2245016
2245017
2245018
2245019
2245020
2245021
2245022
2245023
2245024
2245025
2245026
2245027
2245028
2245029
2245030
2245031
2245032
2245033
2245034
2245035
2245036
2245037
2245038
2245039
2245040
2245041
2245042
2245043
2245044
2245045
2245046
2245047
2245048
2245049
2245050
2245051
2245052
2245053
2245054
2245055
2245056
2245057
2245058
2245059
2245060
2245061
2245062
2245063
2245064
2245065
2245066
2245067
2245068
2245069
2245070
2245071
2245072
2245073
2245074
2245075
2245076
2245077
2245078
2245079
2245080
2245081
2245082
2245083
2245084
2245085
2245086
2245087
2245088
2245089
2245090
2245091
2245092
2245093
2245094
2245095
2245096
2245097
2245098
2245099
2245100
2245101
2245102
2245103
2245104
2245109
2245110
2245111
2245112
2245113
2245114
2245115
2245116
2245117
2245118
2245137
2245138
2245139
2245140
2245141
2245142
2245143
2245144
2245145
2245146
2245147
2245148
2245149
2245150
2245151
2245152
2245153
2245154
2245155
2245156
2245157
2245158
2245159
2245160
2245161
2245162
2245163
2245164
2245165
2245166
2245167
2245168
2245169
2245170
2245171
2245172
2245173
2245174
2245175
2245176
2245177
2245178
2245179
2245180
2245181
2245182
2245183
2245184
2245185
2245186
2245187
2245188
2245189
2245190
2245191
2245192
2245193
2245194
2245195
2245196
2245197
2245198
2245199
2245200
2245201
2245202
2245203
2245204
2245205
2245206
2245207
2245208
2245209
2245210
2245211
2245212
2245213
2245214
2245215
2245216
2245217
2245218
2245219
2245220
2245221
2245222
2245223
2245224
2245225
2245226
2245227
2245228
2245229
2245230
2245231
2245232
2245233
2245234
2245235
2245236
2245237
2245238
2245239
2245240
2245241
2245242
2245243
2245244
2245245
2245246
2245247
2245248
2245249
2245250
2245251
2245252
2245253
2245254
2245255
2245256
2245257
2245258
2245259
2245260
2245261
2245262
2245263
2245264
2245265
2245266
2245267
2245268
2245269
2245270
2245271
2245272
2245273
2245274
2245275
2245291
2245292
2245293
2245294
2245295
2245296
2245297
2245298
2245299
2245300
2245301
2245317
2245318
2245319
2245320
2245321
2245322
2245323
2245324
2245325
2245326
2245327
2245328
2245329
2245330
2245331
2245332
2245333
2245334
2245335
2245336
2245337
2245338
2245339
2245340
2245341
2245342
2245343
2245344
2245345
2245346
2245347
2245348
2245349
2245350
2245351
2245352
2245353
2245354
2245355
2245356
2245357
2245358
2245359
2245360
2245361
2245362
2245363
2245364
2245365
2245366
2245367
2245368
2245369
2245370
2245371
2245372
2245373
2245374
2245375
2245376
2245377
2245378
2245379
2245380
2245381
2245382
2245383
2245384
2245385
2245386
2245387
2245388
2245389
2245390
2245391
2245392
2245393
2245394
2245395
2245396
2245397
2245398
2245399
2245400
2245401
2245402
2245403
2245404
2245405
2245406
2245407
2245408
2245409
2245410
2245411
2245412
2245413
2245414
2245415
2245416
2245417
2245418
2245419
2245420
2245421
2245422
2245423
2245424
2245425
2245426
2245427
2245428
2245429
2245430
2245431
2245432
2245433
2245434
2245435
2245436
2245437
2245438
2245439
2245440
2245455
2245456
2245457
2245458
2245459
2245460
2245461
2245462
2245463
2245464
2245465
2245466
2245467
2245468
2245469
2245470
2245471
2245472
2245473
2245474
2245475
2245476
2245477
2245478
2245479
2245480
2245481
2245482
2245483
2245484
2245485
2245486
2245487
2245488
2245489
2245490
2245491
2245492
2245493
2245494
2245495
2245496
2245497
2245498
2245499
2245500
2245501
2245502
2245503
2245504
2245505
2245506
2245507
2245508
2245509
2245510
2245511
2245512
2245513
2245514
2245515
2245516
2245517
2245518
2245519
2245520
2245521
2245522
2245523
2245524
2245525
2245526
2245527
2245528
2245529
2245530
2245531
2245532
2245533
2245534
2245535
2245536
2245537
2245538
2245539
2245540
2245541
2245542
2245543
2245544
2245545
2245546
2245547
2245548
2245549
2245555
2245556
2245557
2245585
2245586
2245587
2245588
2245589
2245590
2245591
2245592
2245593
2245594
2245595
2245602
2245603
2245604
2245605
2245606
2245607
2245608
2245609
2245618
2245619
2245624
2245625
2245626
2245627
2245628
2245629
2245630
2245631
2245632
2245633
2245657
2245658
2245659
2245660
2245661
2245662
2245663
2245664
2245665
2245666
2245667
2245844
2245845
2245846
2245847
2245848
2245860
2245861
2245866
2245867
2245868
2245890
2245891
2245892
2245893
2245904
2245905
2245906
2245907
2245908
2245909
2245921
2245922
2245923
2245924
2245925
2245936
2245937
2245948
2245949
2245964
2245965
2245966
2245967
2245968
2245969
2245980
2246294
2246295
2246296
2246301
2246309
2246310
2246311
2246314
2246315
2246316
2246317
2246318
2246319
2246320
2246321
2246323
2246324
2246325
2246326
2246327
2246328
2246329
2246331
2246332
2246333
2246334
2246335
2246336
2246337
2246339
2246340
2246341
2246342
2246343
2246344
2246345
2246348
2246349
2246350
2246351
2246352
2246353
2246354
2246358
2246359
2246360
2246378
2246382
2246383
2246384
2246388
2246389
2246390
2246391
2246393
2246394
2246395
2246396
2246397
2246398
2246399
2246400
2246401
2246402
2246404
2246405
2246406
2246407
2246408
2246409
2246410
2246412
2246413
2246414
2246415
2246416
2246417
2246418
2246420
2246421
2246422
2246423
2246424
2246425
2246426
2246428
2246429
2246430
2246434
2246446
2246448
2246476
2246477
2246546
2246549
2246554
2246563
2246566
2246571
2246572
2246577
2246583
2246587
2246593
2246677
2246689
2246820
2246823
2246825
2246827
2246829
2246832
2246834
2246837
2246840
2246841
2246844
2246848
2246849
2246850
2246852
2246855
2246856
2246857
2246861
2246863
2246866
2246870
2246872
2246875
2246877
2246879
2246881
2246883
2246885
2246888
2246891
2246892
2246895
2246896
2246897
2246900
2246903
2246906
2246908
2246910
2246914
2246916
2246919
2246921
2246923
2246925
2246928
2246929
2246930
2247038
2247039
2247040
2247045
2247047
2247048
2247054
2247057
2247058
2247059
2247060
2247062
2247063
2247064
2247068
2247069
2247070
2247072
2247079
2247080
2247081
2247086
2247087
2247088
2247093
2247095
2247096
2247097
2247102
2247105
2247106
2247108
2247109
2247110
2247111
2247113
2247114
2247116
2247117
2247124
2247125
2247130
2247131
2247134
2247135
2247180
2247184
2247193
2247194
2247197
2247200
2247203
2247208
2247212
2247215
2247362
2247364
2247366
2247370
2247372
2247374
2247376
2247378
2247379
2247387
2247388
2247448
2247451
2247452
2247455
2247456
2247459
2247461
2247462
2247464
2247466
2247467
2247470
2247471
2247474
2247475
2247478
2247479
2247482
2247483
2247486
2247488
2247491
2247492
2247495
2247496
2247499
2247501
2247540
2247542
2247544
2247546
2247548
2247550
2247552
2247554
2247558
2247560
2247562
2247564
2247568
2247570
2247573
2247575
2247676
2247688
2247689
2247691
2247696
2247697
2247699
2247703
2247716
2247722
2247728
2247730
2247734
2247735
2247737
2247742
2247743
2247745
2247748
2247753
2247759
2247760
2247762
2247951
2247952
2247953
2247954
2247956
2247957
2247958
2247959
2247960
2247961
2247962
2247963
2247964
2247965
2247966
2247967
2247968
2247969
2247970
2247971
2247972
2247973
2247974
2247975
2247976
2247977
2247978
2247979
2247980
2247981
2247982
2247983
2247984
2247985
2247986
2247987
2247988
2247989
2247993
2247994
2247995
2247996
2247997
2247998
2247999
2248000
2248002
2248003
2248004
2248005
2248006
2248007
2248008
2248009
2248010
2248011
2248012
2248013
2248014
2248015
2248016
2248017
2248018
2248019
2248020
2248021
2248022
2248023
2248024
2248025
2248026
2248027
2248028
2248029
2248030
2248031
2248032
2248033
2248034
2248035
2248036
2248037
2248038
2248039
2248040
2248041
2248042
2248043
2248044
2248045
2248046
2248047
2248048
2248049
2248050
2248051
2248052
2248053
2248054
2248055
2248056
2248057
2248058
2248059
2248060
2248061
2248062
2248063
2248064
2248065
2248066
2248067
2248068
2248069
2248071
2248072
2248073
2248074
2248075
2248076
2248077
2248078
2248079
2248080
2248081
2248082
2248083
2248084
2248085
2248086
2248087
2248088
2248089
2248090
2248091
2248092
2248093
2248094
2248095
2248096
2248097
2248098
2248099
2248100
2248101
2248102
2248104
2248105
2248106
2248107
2248108
2248109
2248110
2248132
2248134
2248135
2248136
2248139
2248142
2248144
2248147
2248180
2248181
2248182
2248183
2248184
2248185
2248186
2248187
2248188
2248189
2248190
2248191
2248192
2248193
2248194
2248195
2248196
2248197
2248198
2248199
2248200
2248201
2248202
2248203
2248204
2248205
2248206
2248207
2248208
2248209
2248210
2248225
2248228
2248230
2248234
2248236
2248238
2248246
2248247
2248249
2248250
2248276
2248277
2248278
2248279
2248280
2248281
2248282
2248283
2248284
2248285
2248286
2248287
2248288
2248289
2248290
2248291
2248292
2248293
2248294
2248295
2248296
2248297
2248298
2248299
2248478
2248481
2248486
2248487
2248488
2070615
2070616
2070617
2070618
2070619
2070620
2070621
2070622
2070623
2070624
2070625
2070627
2070628
2070631
2070632
2070633
2070634
2070635
2070636
2070637
2070638
2070639
2070640
2070643
2070644
2070646
2070647
2070648
2070649
2070650
2070651
2070652
2070653
2070654
2070656
2070657
2070658
2070659
2070660
2070661
2070662
2070663
2070664
2070665
2070668
2070670
2070671
2070672
2070673
2070674
2070676
2070677
2070678
2070679
2070680
2070681
2070682
2070683
2070684
2070685
2070686
2070687
2070688
2070689
2070690
2070691
2070692
2070693
2070694
2070695
2070696
2070697
2070698
2070699
2070700
2070701
2070702
2070703
2070704
2070705
2070706
2070707
2070708
2070709
2070710
2070711
2070712
2070713
2070714
2070715
2070716
2070717
2070718
2070719
2070720
2070721
2070722
2070723
2070724
2070725
2070726
2070727
2070728
2070729
2070730
2070731
2070732
2070733
2070734
2070735
2070736
2070737
2070738
2070739
2070740
2070741
2070742
2070743
2070744
2070745
2070746
2070747
2070748
2070749
2070750
2070751
2070752
2070753
2070754
2070755
2070756
2070757
2070758
2070760
2070761
2070762
2070763
2070764
2070765
2070766
2070767
2070768
2070769
2070774
2070775
2070776
2070777
2070779
2070781
2070782
2070783
2070785
2070786
2070787
2070788
2070789
2070790
2070791
2070792
2070793
2070794
2070795
2070796
2070797
2070798
2070799
2070800
2070801
2070802
2070803
2070804
2070805
2070806
2070807
2070808
2070809
2070810
2070811
2070812
2070813
2070814
2070815
2070816
2070817
2070818
2070819
2070820
2070821
2070822
2070823
2070824
2070825
2070826
2070827
2070828
2070829
2070830
2070831
2070832
2070833
2070834
2070835
2070836
2070837
2070838
2070839
2070840
2070841
2070842
2070843
2070844
2070845
2070846
2070847
2070848
2070849
2070850
2070851
2070852
2070853
2070854
2070855
2070856
2070857
2070858
2070859
2070860
2070861
2070862
2070863
2070864
2070865
2070866
2070867
2070868
2070869
2070870
2070871
2070872
2070873
2070874
2070875
2070876
2070877
2070878
2070879
2070880
2070881
2070882
2070883
2070884
2070885
2070886
2070887
2070888
2070889
2070890
2070891
2070892
2070893
2070894
2070895
2070896
2070897
2070898
2070899
2070901
2070902
2070903
2070904
2070905
2070906
2070907
2070908
2070909
2070910
2070913
2070914
2070915
2070916
2070917
2070918
2070919
2070920
2070921
2070922
2070923
2070924
2070925
2070926
2070927
2070928
2070929
2070930
2070931
2070932
2070933
2070934
2070935
2070936
2070937
2070938
2070939
2070940
2070941
2070942
2070943
2070944
2070945
2070946
2070947
2070948
2070949
2070950
2070951
2070952
2070953
2070954
2070955
2070956
2070957
2070958
2070959
2070960
2070961
2070962
2070963
2070964
2070965
2070966
2070967
2070968
2070969
2070970
2070971
2070972
2070973
2070974
2070975
2070976
2070977
2070978
2070979
2070980
2070981
2070982
2070983
2070984
2070985
2070986
2070987
2070988
2070989
2070990
2070991
2070992
2070993
2070994
2070995
2070996
2070997
2070998
2070999
2071000
2071001
2071002
2071003
2071004
2071005
2071006
2071007
2071008
2071009
2071010
2071011
2071012
2071013
2071014
2071015
2071016
2071017
2071018
2071019
2071020
2071021
2071022
2071023
2071024
2071025
2071026
2071027
2071028
2071029
2071030
2071031
2071032
2071033
2071034
2071035
2071036
2071037
2071038
2071039
2071040
2071041
2071042
2071043
2071044
2071045
2071046
2071047
2071048
2071049
2071050
2071052
2071053
2071054
2071055
2071056
2071057
2071058
2071059
2071060
2071061
2071063
2071064
2071065
2071066
2071067
2071070
2071071
2071072
2071073
2071074
2071075
2071076
2071077
2071078
2071079
2071080
2071081
2071082
2071083
2071084
2071085
2071086
2071087
2071088
2071089
2071090
2071091
2071092
2071093
2071094
2071095
2071096
2071097
2071098
2071099
2071100
2071101
2071102
2071103
2071104
2071105
2071106
2071107
2071108
2071109
2071110
2071111
2071112
2071113
2071114
2071115
2071116
2071117
2071118
2071119
2071120
2071121
2071122
2071123
2071124
2071125
2071126
2071127
2071128
2071129
2071130
2071131
2071132
2071133
2071134
2071135
2071136
2071137
2071138
2071139
2071140
2071141
2071142
2071143
2071144
2071145
2071146
2071147
2071148
2071149
2071150
2071151
2071152
2071153
2071154
2071155
2071156
2071157
2071158
2071159
2071160
2071161
2071162
2071163
2071164
2071165
2071166
2071167
2071168
2071169
2071170
2071171
2071172
2071173
2071174
2071175
2071176
2071177
2071178
2071179
2071180
2071181
2071182
2071183
2071184
2071185
2071186
2071187
2071188
2071189
2071190
2071191
2071192
2071193
2071194
2071195
2071196
2071197
2071198
2071199
2071200
2071201
2071202
2071206
2071207
2071208
2071209
2071210
2071211
2071213
2071214
2071215
2071216
2071217
2071220
2071222
2071224
2071226
2071227
2071228
2071229
2071230
2071232
2071233
2071234
2071235
2071236
2071237
2071238
2071239
2071240
2071241
2071242
2071243
2071244
2071245
2071246
2071247
2071248
2071249
2071250
2071251
2071252
2071253
2071254
2071255
2071256
2071257
2071258
2071259
2071260
2071261
2071262
2071263
2071264
2071265
2071266
2071267
2071268
2071269
2071270
2071271
2071272
2071273
2071274
2071275
2071276
2071277
2071278
2071279
2071280
2071281
2071282
2071283
2071284
2071285
2071286
2071287
2071288
2071289
2071290
2071291
2071292
2071293
2071294
2071295
2071296
2071297
2071298
2071299
2071300
2071301
2071302
2071303
2071304
2071305
2071306
2071307
2071308
2071309
2071310
2071311
2071312
2071313
2071314
2071315
2071316
2071317
2071318
2071319
2071320
2071321
2071322
2071323
2071324
2071325
2071326
2071327
2071328
2071329
2071330
2071331
2071332
2071333
2071334
2071335
2071336
2071337
2071338
2071339
2071340
2071341
2071342
2071343
2071344
2071345
2071346
2071347
2071348
2071349
2071350
2071351
2071352
2071353
2071354
2071355
2071356
2071357
2071358
2071359
2071360
2071361
2071362
2071363
2071364
2071367
2071368
2071369
2071370
2071371
2071373
2071375
2071376
2071377
2071378
2071379
2071381
2071382
2071383
2071384
2071385
2071386
2071387
2071388
2071389
2071390
2071391
2071392
2071393
2071394
2071395
2071396
2071397
2071398
2071399
2071400
2071401
2071402
2071403
2071404
2071405
2071406
2071407
2071408
2071409
2071410
2071411
2071412
2071413
2071414
2071415
2071416
2071417
2071418
2071419
2071420
2071421
2071422
2071423
2071424
2071425
2071426
2071427
2071428
2071429
2071430
2071431
2071432
2071433
2071434
2071435
2071436
2071437
2071438
2071439
2071440
2071441
2071442
2071443
2071444
2071445
2071446
2071447
2071448
2071449
2071450
2071451
2071452
2071453
2071454
2071455
2071456
2071457
2071458
2071459
2071460
2071461
2071462
2071463
2071464
2071465
2071466
2071467
2071468
2071469
2071470
2071471
2071472
2071473
2071474
2071475
2071476
2071477
2071478
2071479
2071480
2071481
2071482
2071483
2071484
2071485
2071486
2071487
2071488
2071489
2071490
2071491
2071492
2071493
2071494
2071495
2071496
2071497
2071498
2071499
2071500
2071501
2071502
2071503
2071504
2071505
2071506
2071507
2071508
2071509
2071510
2071511
2071512
2071513
2071514
2071515
2071516
2071517
2071519
2071520
2071521
2071522
2071523
2071524
2071525
2071526
2071527
2071528
2071529
2071530
2071531
2071532
2071533
2071534
2071535
2071536
2071537
2071539
2071540
2071541
2071542
2071543
2071544
2071545
2071546
2071547
2071548
2071549
2071550
2071551
2071552
2071553
2071554
2071555
2071556
2071557
2071558
2071559
2071560
2071561
2071562
2071563
2071564
2071565
2071566
2071567
2071568
2071569
2071570
2071571
2071572
2071573
2071574
2071575
2071576
2071577
2071578
2071579
2071580
2071581
2071582
2071583
2071584
2071585
2071586
2071587
2071588
2071589
2071590
2071591
2071592
2071593
2071594
2071595
2071596
2071597
2071598
2071599
2071600
2071601
2071602
2071603
2071604
2071605
2071606
2071607
2071608
2071609
2071610
2071611
2071612
2071613
2071614
2071615
2071616
2071617
2071618
2071619
2071620
2071621
2071622
2071623
2071624
2071625
2071626
2071627
2071628
2071629
2071630
2071631
2071632
2071633
2071634
2071635
2071636
2071637
2071638
2071639
2071640
2071642
2071643
2071644
2071645
2071646
2071647
2071648
2071649
2071650
2071651
2071652
2071653
2071654
2071656
2071657
2071659
2071660
2071664
2071665
2071666
2071667
2071669
2071670
2071671
2071672
2071673
2071674
2071675
2071676
2071677
2071678
2071680
2071681
2071682
2071683
2071684
2071685
2071686
2071687
2071688
2071689
2071690
2071691
2071692
2071693
2071694
2071695
2071696
2071697
2071698
2071699
2071700
2071701
2071702
2071703
2071704
2071705
2071706
2071707
2071708
2071709
2071710
2071711
2071712
2071713
2071714
2071715
2071716
2071717
2071718
2071719
2071720
2071721
2071722
2071723
2071724
2071725
2071726
2071727
2071728
2071729
2071730
2071731
2071732
2071733
2071734
2071735
2071736
2071737
2071738
2071739
2071740
2071741
2071742
2071743
2071744
2071745
2071746
2071747
2071748
2071749
2071751
2071752
2071753
2071754
2071755
2071756
2071757
2071758
2071759
2071760
2071761
2071762
2071763
2071765
2071766
2071770
2071771
2071772
2071774
2071776
2071779
2071780
2071781
2071782
2071783
2071784
2071785
2071786
2071787
2071788
2071792
2071793
2071794
2071795
2071796
2071797
2071798
2071799
2071800
2071801
2071803
2071805
2071809
2071810
2071811
2071812
2071813
2071814
2071815
2071816
2071817
2071819
2071821
2071822
2071825
2071826
2071827
2071828
2071829
2071830
2071831
2071832
2071834
2071835
)


// ************************************************************************* //
