0 	0 	0 	0
0.010101 	1.98726e-06 	6.59791e-08 	0.0193381
0.020202 	3.97925e-06 	1.30111e-07 	0.0386801
0.030303 	5.97123e-06 	1.94243e-07 	0.058022
0.040404 	7.96322e-06 	2.58375e-07 	0.077364
0.0505051 	6.4522e-06 	-6.56128e-08 	0.085714
0.0606061 	2.95705e-06 	-6.09435e-07 	0.087838
0.0707071 	-5.38104e-07 	-1.15326e-06 	0.089962
0.0808081 	-4.03325e-06 	-1.69708e-06 	0.0920861
0.0909091 	-7.52841e-06 	-2.2409e-06 	0.0942101
0.10101 	-1.05958e-05 	-2.68393e-06 	0.0957463
0.111111 	-1.35089e-05 	-3.09527e-06 	0.0970697
0.121212 	-1.64221e-05 	-3.50661e-06 	0.098393
0.131313 	-1.93352e-05 	-3.91794e-06 	0.0997163
0.141414 	-2.22484e-05 	-4.32928e-06 	0.10104
0.151515 	-2.53925e-05 	-2.23855e-06 	0.102106
0.161616 	-2.8582e-05 	3.43784e-07 	0.103122
0.171717 	-3.17716e-05 	2.92612e-06 	0.104139
0.181818 	-3.49611e-05 	5.50845e-06 	0.105155
0.191919 	-3.81506e-05 	8.09079e-06 	0.106171
0.20202 	-3.85518e-05 	1.23361e-05 	0.106881
0.212121 	-3.85973e-05 	1.67957e-05 	0.107552
0.222222 	-3.86429e-05 	2.12552e-05 	0.108223
0.232323 	-3.86884e-05 	2.57147e-05 	0.108894
0.242424 	-3.87339e-05 	3.01743e-05 	0.109566
0.252525 	-3.87794e-05 	3.46338e-05 	0.110237
0.262626 	-3.88249e-05 	3.90933e-05 	0.110908
0.272727 	-3.88704e-05 	4.35529e-05 	0.111579
0.282828 	-3.8916e-05 	4.80124e-05 	0.11225
0.292929 	-3.89615e-05 	5.24719e-05 	0.112921
0.30303 	-3.76241e-05 	5.35503e-05 	0.113255
0.313131 	-3.6037e-05 	5.40082e-05 	0.113528
0.323232 	-3.44499e-05 	5.44662e-05 	0.1138
0.333333 	-3.28629e-05 	5.49241e-05 	0.114072
0.343434 	-3.12758e-05 	5.5382e-05 	0.114345
0.353535 	-2.96887e-05 	5.584e-05 	0.114617
0.363636 	-2.81017e-05 	5.62979e-05 	0.114889
0.373737 	-2.65146e-05 	5.67558e-05 	0.115161
0.383838 	-2.49275e-05 	5.72138e-05 	0.115434
0.393939 	-2.33405e-05 	5.76717e-05 	0.115706
0.40404 	-2.35036e-05 	5.60148e-05 	0.115831
0.414141 	-2.43962e-05 	5.34764e-05 	0.115894
0.424242 	-2.52889e-05 	5.0938e-05 	0.115956
0.434343 	-2.61815e-05 	4.83996e-05 	0.116019
0.444444 	-2.70741e-05 	4.58613e-05 	0.116082
0.454545 	-2.79667e-05 	4.33229e-05 	0.116145
0.464646 	-2.88594e-05 	4.07845e-05 	0.116208
0.474747 	-2.9752e-05 	3.82461e-05 	0.116271
0.484848 	-3.06446e-05 	3.57077e-05 	0.116334
0.494949 	-3.15372e-05 	3.31694e-05 	0.116397
0.505051 	-3.32356e-05 	3.05495e-05 	0.116394
0.515152 	-3.57484e-05 	2.78451e-05 	0.116324
0.525253 	-3.82613e-05 	2.51407e-05 	0.116254
0.535354 	-4.07742e-05 	2.24364e-05 	0.116185
0.545455 	-4.3287e-05 	1.9732e-05 	0.116115
0.555556 	-4.57999e-05 	1.70276e-05 	0.116045
0.565657 	-4.83127e-05 	1.43232e-05 	0.115975
0.575758 	-5.08256e-05 	1.16188e-05 	0.115906
0.585859 	-5.33384e-05 	8.91446e-06 	0.115836
0.59596 	-5.58513e-05 	6.21008e-06 	0.115766
0.606061 	-5.79958e-05 	3.64982e-06 	0.115635
0.616162 	-5.92492e-05 	1.43813e-06 	0.115357
0.626263 	-6.05026e-05 	-7.73563e-07 	0.115079
0.636364 	-6.17561e-05 	-2.98525e-06 	0.114801
0.646465 	-6.30095e-05 	-5.19694e-06 	0.114522
0.656566 	-6.42629e-05 	-7.40864e-06 	0.114244
0.666667 	-6.55164e-05 	-9.62033e-06 	0.113966
0.676768 	-6.67698e-05 	-1.1832e-05 	0.113688
0.686869 	-6.80232e-05 	-1.40437e-05 	0.11341
0.69697 	-6.92767e-05 	-1.62554e-05 	0.113131
0.707071 	-6.9861e-05 	-1.83852e-05 	0.112793
0.717172 	-6.67513e-05 	-2.00511e-05 	0.112128
0.727273 	-6.36416e-05 	-2.1717e-05 	0.111462
0.737374 	-6.05319e-05 	-2.33829e-05 	0.110796
0.747475 	-5.74222e-05 	-2.50488e-05 	0.11013
0.757576 	-5.43125e-05 	-2.67147e-05 	0.109464
0.767677 	-5.12028e-05 	-2.83806e-05 	0.108798
0.777778 	-4.80931e-05 	-3.00465e-05 	0.108133
0.787879 	-4.49834e-05 	-3.17124e-05 	0.107467
0.79798 	-4.18737e-05 	-3.33784e-05 	0.106801
0.808081 	-3.83746e-05 	-3.4977e-05 	0.106097
0.818182 	-3.18325e-05 	-3.60602e-05 	0.105088
0.828283 	-2.52904e-05 	-3.71434e-05 	0.10408
0.838384 	-1.87483e-05 	-3.82266e-05 	0.103072
0.848485 	-1.22063e-05 	-3.93098e-05 	0.102063
0.858586 	-5.87677e-06 	-4.00121e-05 	0.101003
0.868687 	-6.30742e-07 	-3.87727e-05 	0.0996783
0.878788 	4.61528e-06 	-3.75334e-05 	0.0983536
0.888889 	9.86131e-06 	-3.62941e-05 	0.0970289
0.89899 	1.51073e-05 	-3.50547e-05 	0.0957042
0.909091 	1.86524e-05 	-3.34567e-05 	0.0941665
0.919192 	1.7476e-05 	-3.0855e-05 	0.0920409
0.929293 	1.62996e-05 	-2.82533e-05 	0.0899152
0.939394 	1.51231e-05 	-2.56517e-05 	0.0877896
0.949495 	1.39467e-05 	-2.305e-05 	0.0856639
0.959596 	1.21025e-05 	-1.96154e-05 	0.0773172
0.969697 	9.07928e-06 	-1.47101e-05 	0.0579869
0.979798 	6.05607e-06 	-9.80487e-06 	0.0386566
0.989899 	3.03286e-06 	-4.89963e-06 	0.0193264
0.999997 	0 	0 	0
